,0,1,2
0,0.44,0.47,0.09
1,0.55,0.38,0.07
2,0.75,0.25,
3,0.55,0.28,0.17
4,0.84,0.09,0.07
5,0.52,0.17,0.31
6,0.20,0.41,0.39
7,0.83,0.16,0.00
8,0.91,0.06,0.03
9,0.49,0.49,0.02
10,1.00,,
11,0.85,0.15,
12,0.12,0.87,0.01
13,0.94,0.06,
14,0.11,0.79,0.10
15,0.94,0.03,0.03
16,0.14,0.26,0.59
17,0.71,0.26,0.03
18,0.45,0.49,0.06
19,1.00,,
20,0.30,0.70,0.00
21,0.43,0.52,0.06
22,0.96,0.04,
23,0.16,0.36,0.47
24,0.30,0.10,0.60
25,0.44,0.40,0.16
26,0.20,0.22,0.57
27,0.62,0.27,0.11
28,0.25,0.51,0.24
29,1.00,,
30,0.17,0.76,0.07
31,0.13,0.08,0.78
32,0.19,0.78,0.04
33,0.16,0.53,0.30
34,0.14,0.25,0.61
35,1.00,,
36,0.11,0.37,0.53
37,0.57,0.30,0.13
38,0.57,0.28,0.15
39,0.68,0.32,
40,1.00,,
41,0.93,0.07,
42,0.34,0.22,0.44
43,1.00,,
44,0.34,0.10,0.56
45,0.99,0.01,
46,0.28,0.70,0.02
47,0.36,0.61,0.03
48,0.81,0.04,0.15
49,0.54,0.34,0.12
50,0.25,0.28,0.46
51,0.14,0.40,0.46
52,0.96,0.04,
53,0.58,0.27,0.15
54,0.56,0.44,
55,0.55,0.46,
56,0.18,0.58,0.24
57,0.43,0.49,0.08
58,0.94,0.06,
59,0.83,0.17,
60,0.21,0.44,0.35
61,0.37,0.11,0.52
62,0.96,0.04,
63,0.99,0.01,
64,0.74,0.24,0.02
65,0.33,0.43,0.24
66,1.00,,
67,0.35,0.62,0.04
68,0.19,0.57,0.24
69,0.82,0.18,
70,0.04,0.61,0.35
71,0.14,0.86,
72,0.53,0.47,0.00
73,0.61,0.38,0.01
74,0.36,0.30,0.35
75,0.55,0.23,0.23
76,0.26,0.74,
77,0.42,0.12,0.46
78,0.38,0.30,0.32
79,0.85,0.03,0.12
80,0.15,0.52,0.33
81,0.35,0.45,0.20
82,0.46,0.14,0.39
83,0.34,0.51,0.16
84,1.00,0.00,
85,0.99,0.01,
86,0.14,0.86,
87,0.23,0.77,
88,0.59,0.28,0.13
89,0.39,0.08,0.53
90,0.85,0.15,
91,0.14,0.24,0.62
92,0.53,0.33,0.15
93,0.38,0.45,0.17
94,0.99,0.01,
95,1.00,,
96,0.20,0.50,0.29
97,0.23,0.54,0.23
98,0.51,0.40,0.09
99,0.84,0.16,
100,0.08,0.92,0.00
101,0.93,0.07,
102,0.94,0.06,
103,0.34,0.56,0.10
104,0.48,0.25,0.27
105,1.00,,
106,0.32,0.66,0.03
107,0.38,0.55,0.07
108,0.06,0.40,0.54
109,0.47,0.44,0.09
110,0.16,0.17,0.67
111,0.44,0.16,0.40
112,1.00,,
113,0.09,0.72,0.19
114,0.57,0.01,0.42
115,0.48,0.08,0.44
116,0.24,0.44,0.32
117,0.59,0.23,0.18
118,0.40,0.39,0.21
119,0.81,0.00,0.18
120,0.08,0.64,0.28
121,0.20,0.59,0.21
122,0.99,0.01,
123,0.68,0.13,0.19
124,0.24,0.53,0.23
125,0.56,0.27,0.18
126,0.53,0.47,
127,0.44,0.44,0.12
128,0.59,0.41,
129,0.53,0.20,0.27
130,1.00,,
131,0.57,0.36,0.07
132,0.66,0.08,0.27
133,0.29,0.29,0.41
134,0.14,0.01,0.85
135,0.99,0.01,
136,0.48,0.19,0.33
137,0.04,0.66,0.30
138,0.87,0.13,
139,0.88,0.12,
140,0.85,0.11,0.05
141,0.72,0.28,
142,0.51,0.49,0.01
143,0.18,0.79,0.03
144,0.55,0.44,0.01
145,0.68,0.21,0.11
146,0.58,0.32,0.11
147,0.93,0.01,0.06
148,0.45,0.53,0.01
149,0.39,0.48,0.13
150,0.63,0.33,0.04
151,0.08,0.20,0.72
152,0.19,0.15,0.66
153,0.53,0.44,0.03
154,0.37,0.60,0.03
155,0.62,0.21,0.17
156,0.89,0.07,0.04
157,0.33,0.30,0.37
158,0.18,0.81,0.01
159,0.86,0.05,0.09
160,0.28,0.18,0.54
161,0.61,0.39,
162,1.00,,
163,0.45,0.41,0.14
164,0.91,0.10,
165,0.47,0.51,0.02
166,1.00,,
167,0.97,0.03,
168,0.20,0.54,0.26
169,0.99,0.01,
170,0.08,0.84,0.07
171,0.19,0.25,0.56
172,0.81,0.19,
173,0.34,0.48,0.18
174,0.89,0.07,0.04
175,0.51,0.49,
176,0.68,0.11,0.21
177,0.34,0.65,0.02
178,0.68,0.11,0.20
179,0.84,0.10,0.07
180,0.95,0.05,
181,0.90,0.07,0.03
182,0.74,0.26,
183,0.43,0.48,0.09
184,0.75,0.04,0.21
185,0.26,0.71,0.02
186,0.17,0.08,0.75
187,0.32,0.68,
188,0.98,0.01,0.01
189,0.04,0.95,
190,0.32,0.50,0.18
191,0.46,0.54,
192,0.10,0.52,0.38
193,0.12,0.57,0.32
194,0.47,0.47,0.06
195,0.85,0.14,0.01
196,1.00,,
197,0.10,0.85,0.05
198,1.00,,
199,0.82,0.12,0.06
200,0.99,0.01,
201,0.86,0.03,0.11
202,0.87,0.06,0.07
203,0.47,0.35,0.18
204,0.20,0.16,0.63
205,0.40,0.09,0.51
206,0.33,0.65,0.01
207,1.00,,
208,1.00,,
209,0.97,0.03,
210,0.26,0.47,0.27
211,0.38,0.33,0.29
212,0.62,0.03,0.34
213,0.77,0.23,
214,1.00,,
215,0.81,0.05,0.13
216,0.94,0.06,
217,0.50,0.50,
218,0.24,0.54,0.22
219,0.91,0.04,0.05
220,0.52,0.48,0.00
221,0.99,0.01,
222,0.04,0.72,0.23
223,0.88,0.06,0.06
224,0.69,0.31,
225,1.00,,
226,0.55,0.41,0.04
227,0.92,0.08,
228,0.77,0.23,
229,0.93,0.02,0.04
230,1.00,,
231,0.30,0.30,0.40
232,0.98,0.02,
233,0.30,0.50,0.20
234,0.64,0.27,0.09
235,1.00,,
236,1.00,,
237,0.65,0.35,0.00
238,0.00,0.91,0.09
239,1.00,,
240,0.14,0.01,0.85
241,1.00,,
242,0.85,0.15,
243,1.00,,
244,0.20,0.72,0.08
245,0.54,0.25,0.22
246,0.48,0.35,0.17
247,0.19,0.20,0.61
248,0.96,0.04,
249,0.38,0.07,0.55
250,1.00,,
251,0.99,0.01,
252,0.14,0.77,0.09
253,0.46,0.22,0.32
254,0.31,0.44,0.24
255,0.68,0.29,0.03
256,0.75,0.25,
257,0.91,0.09,
258,0.05,0.71,0.24
259,0.71,0.05,0.24
260,0.61,0.26,0.13
261,0.40,0.25,0.34
262,1.00,,
263,0.96,0.04,
264,0.67,0.33,
265,1.00,,
266,0.40,0.08,0.52
267,1.00,,
268,0.26,0.61,0.13
269,1.00,,
270,0.57,0.43,
271,0.17,0.20,0.63
272,1.00,,
273,1.00,,
274,0.38,0.30,0.32
275,1.00,,
276,0.43,0.17,0.40
277,1.00,,
278,0.46,0.40,0.14
279,0.66,0.31,0.03
280,0.31,0.61,0.08
281,0.81,0.15,0.05
282,0.14,0.74,0.11
283,0.36,0.11,0.54
284,0.51,0.48,0.01
285,1.00,,
286,1.00,,
287,0.75,0.16,0.08
288,0.98,0.02,
289,0.33,0.67,
290,0.32,0.50,0.17
291,0.84,0.07,0.09
292,0.51,0.35,0.13
293,0.78,0.07,0.15
294,0.87,0.06,0.07
295,0.48,0.43,0.09
296,0.12,0.87,0.01
297,0.42,0.46,0.12
298,0.56,0.23,0.21
299,0.23,0.47,0.29
300,1.00,,
301,0.47,0.11,0.42
302,0.48,0.34,0.17
303,0.18,0.77,0.05
304,0.15,0.67,0.18
305,0.37,0.57,0.06
306,0.67,0.22,0.11
307,0.16,0.84,
308,0.22,0.42,0.36
309,0.26,0.55,0.20
310,0.24,0.36,0.40
311,0.48,0.51,0.01
312,0.37,0.16,0.47
313,0.64,0.27,0.09
314,0.56,0.41,0.03
315,0.63,0.03,0.35
316,0.71,0.20,0.09
317,0.21,0.51,0.28
318,0.93,0.07,
319,0.43,0.10,0.47
320,1.00,,
321,0.41,0.26,0.32
322,0.82,0.00,0.18
323,0.33,0.07,0.61
324,0.79,0.16,0.05
325,0.30,0.24,0.45
326,0.02,0.98,
327,0.14,0.02,0.84
328,0.95,0.05,
329,0.51,0.49,0.00
330,0.34,0.39,0.27
331,0.24,0.38,0.38
332,0.74,0.01,0.25
333,0.52,0.37,0.11
334,0.96,0.04,
335,0.82,0.18,
336,1.00,,
337,1.00,,
338,0.77,0.23,
339,1.00,,
340,0.08,0.12,0.81
341,1.00,,
342,0.14,0.13,0.73
343,0.38,0.26,0.36
344,0.73,0.22,0.05
345,0.30,0.15,0.55
346,0.91,0.09,
347,0.40,0.32,0.28
348,0.21,0.79,
349,0.42,0.43,0.15
350,0.52,0.34,0.14
351,0.88,0.10,0.01
352,0.88,0.12,
353,1.00,,
354,0.52,0.15,0.33
355,0.51,0.47,0.03
356,0.90,0.09,0.01
357,1.00,,
358,0.36,0.58,0.06
359,0.56,0.23,0.20
360,0.00,1.00,
361,0.29,0.30,0.41
362,0.90,0.10,
363,1.00,,
364,0.53,0.34,0.13
365,0.40,0.09,0.51
366,1.00,,
367,1.00,,
368,0.65,0.29,0.05
369,0.49,0.48,0.02
370,0.99,0.01,
371,0.35,0.65,
372,0.99,0.01,
373,0.33,0.65,0.02
374,0.45,0.41,0.15
375,0.26,0.54,0.20
376,0.57,0.05,0.37
377,0.61,0.39,0.00
378,1.00,,
379,0.96,0.04,
380,0.47,0.30,0.24
381,0.31,0.69,
382,0.97,0.02,0.01
383,0.57,0.37,0.06
384,0.10,0.22,0.67
385,1.00,,
386,0.19,0.68,0.13
387,0.09,0.18,0.74
388,0.35,0.34,0.31
389,0.55,0.45,
390,0.73,0.23,0.04
391,0.53,0.22,0.26
392,0.14,0.86,
393,0.64,0.35,0.01
394,1.00,,
395,0.10,0.38,0.52
396,0.33,0.62,0.05
397,0.61,0.39,
398,0.79,0.13,0.08
399,0.52,0.39,0.09
400,0.76,0.10,0.14
401,0.15,0.70,0.15
402,0.24,0.50,0.26
403,0.93,0.07,
404,0.63,0.32,0.05
405,1.00,0.00,
406,0.42,0.57,0.01
407,0.87,0.12,0.01
408,1.00,,
409,0.86,0.12,0.02
410,1.00,,
411,1.00,,
412,0.21,0.03,0.76
413,0.77,0.18,0.04
414,0.14,0.83,0.03
415,0.93,0.07,
416,0.65,0.35,
417,0.90,0.10,
418,1.00,,
419,0.87,0.13,
420,0.99,0.01,
421,0.60,0.30,0.10
422,0.58,0.27,0.15
423,0.76,0.24,
424,1.00,,
425,0.38,0.61,0.02
426,0.20,0.29,0.51
427,0.56,0.43,
428,0.19,0.71,0.10
429,0.69,0.14,0.16
430,0.58,0.42,
431,0.31,0.31,0.38
432,0.63,0.37,
433,0.95,0.05,
434,0.13,0.09,0.78
435,0.90,0.10,
436,1.00,,
437,0.19,0.20,0.61
438,0.35,0.60,0.06
439,0.33,0.42,0.25
440,0.52,0.14,0.34
441,0.38,0.62,
442,1.00,,
443,1.00,,
444,0.40,0.13,0.47
445,0.20,0.76,0.04
446,0.49,0.27,0.24
447,0.51,0.34,0.15
448,0.61,0.01,0.39
449,0.14,0.36,0.50
450,0.88,0.01,0.11
451,0.34,0.65,0.01
452,0.79,0.07,0.14
453,0.90,0.10,
454,1.00,,
455,0.01,0.32,0.67
456,0.98,0.02,
457,0.83,0.13,0.04
458,0.47,0.39,0.14
459,0.10,0.83,0.07
460,0.04,0.44,0.52
461,0.16,0.40,0.44
462,0.15,0.28,0.56
463,0.08,0.35,0.57
464,0.62,0.20,0.18
465,0.51,0.17,0.33
466,0.28,0.09,0.63
467,0.06,0.50,0.44
468,1.00,,
469,1.00,,
470,0.13,0.73,0.14
471,0.37,0.37,0.26
472,0.80,0.11,0.09
473,0.53,0.40,0.07
474,0.34,0.66,
475,0.54,0.19,0.28
476,0.91,0.10,
477,0.04,0.91,0.05
478,0.32,0.37,0.31
479,0.24,0.71,0.05
480,0.18,0.49,0.32
481,0.51,0.49,
482,0.61,0.28,0.12
483,0.58,0.13,0.29
484,0.79,0.21,
485,0.69,0.21,0.10
486,0.20,0.35,0.45
487,0.01,0.99,
488,0.24,0.58,0.18
489,0.19,0.09,0.72
490,0.24,0.32,0.45
491,0.27,0.69,0.04
492,1.00,,
493,0.37,0.04,0.59
494,0.19,0.20,0.60
495,0.65,0.27,0.09
496,0.61,0.32,0.07
497,0.80,0.20,
498,1.00,,
499,0.26,0.24,0.50
500,1.00,,
501,0.01,0.99,
502,0.90,0.10,
503,0.22,0.07,0.70
504,0.43,0.43,0.14
505,0.85,0.14,
506,0.94,0.06,
507,0.39,0.27,0.34
508,0.98,0.02,
509,0.29,0.69,0.02
510,0.39,0.51,0.10
511,0.04,0.45,0.51
512,0.89,0.11,
513,1.00,,
514,0.71,0.25,0.04
515,1.00,,
516,0.12,0.35,0.53
517,0.48,0.46,0.06
518,0.56,0.29,0.15
519,0.97,0.01,0.02
520,0.53,0.29,0.18
521,1.00,0.00,
522,0.57,0.34,0.09
523,0.03,0.09,0.88
524,0.30,0.56,0.13
525,0.90,0.09,0.02
526,0.41,0.58,0.01
527,0.29,0.21,0.51
528,0.55,0.35,0.10
529,1.00,,
530,0.25,0.26,0.49
531,0.95,0.05,
532,0.96,0.04,
533,0.61,0.34,0.05
534,0.71,0.29,
535,0.30,0.26,0.44
536,0.29,0.34,0.37
537,0.73,0.27,0.01
538,0.89,0.11,
539,0.77,0.18,0.05
540,0.31,0.49,0.20
541,0.05,0.95,
542,0.01,0.22,0.77
543,0.29,0.21,0.49
544,1.00,,
545,0.13,0.29,0.59
546,0.64,0.22,0.14
547,0.26,0.73,0.01
548,0.62,0.37,0.01
549,0.22,0.56,0.22
550,0.34,0.52,0.14
551,0.15,0.78,0.08
552,0.86,0.09,0.05
553,0.93,0.00,0.07
554,0.05,0.26,0.69
555,0.43,0.45,0.12
556,0.58,0.40,0.01
557,0.34,0.32,0.34
558,0.93,0.07,
559,0.49,0.40,0.11
560,0.94,0.06,
561,0.01,0.47,0.53
562,0.44,0.47,0.09
563,0.38,0.52,0.10
564,0.21,0.07,0.71
565,0.95,0.04,0.01
566,0.48,0.52,
567,0.91,0.09,
568,0.34,0.45,0.21
569,1.00,,
570,0.39,0.23,0.38
571,0.32,0.23,0.45
572,1.00,,
573,0.69,0.21,0.10
574,0.84,0.03,0.12
575,0.67,0.06,0.27
576,0.86,0.14,
577,0.08,0.74,0.19
578,0.28,0.64,0.07
579,1.00,,
580,0.47,0.47,0.07
581,0.62,0.38,
582,0.36,0.63,0.01
583,0.07,0.44,0.49
584,1.00,,
585,0.63,0.35,0.01
586,0.51,0.49,
587,1.00,,
588,1.00,,
589,0.47,0.53,
590,0.47,0.53,
591,0.17,0.46,0.37
592,1.00,,
593,1.00,,
594,1.00,,
595,0.99,0.01,
596,0.69,0.12,0.20
597,0.94,0.06,
598,0.74,0.25,0.01
599,0.79,0.05,0.16
600,0.54,0.45,0.01
601,0.22,0.16,0.62
602,0.43,0.26,0.31
603,0.20,0.36,0.44
604,1.00,,
605,0.89,0.11,
606,0.08,0.30,0.61
607,0.47,0.15,0.38
608,0.83,0.17,
609,1.00,0.00,
610,0.76,0.24,
611,0.72,0.27,0.01
612,0.91,0.00,0.09
613,0.24,0.73,0.02
614,0.40,0.21,0.39
615,0.98,0.02,
616,0.83,0.02,0.15
617,0.98,0.02,
618,0.19,0.75,0.05
619,0.86,0.14,
620,0.99,0.01,
621,1.00,,
622,0.00,0.75,0.24
623,0.73,0.21,0.07
624,0.75,0.25,0.00
625,0.12,0.52,0.36
626,0.92,0.08,
627,0.56,0.21,0.23
628,0.40,0.52,0.08
629,0.39,0.59,0.01
630,1.00,,
631,0.56,0.27,0.17
632,1.00,,
633,0.03,0.55,0.42
634,0.38,0.57,0.05
635,0.98,0.02,
636,0.97,0.03,
637,0.97,0.03,
638,0.92,0.08,
639,0.77,0.14,0.09
640,0.67,0.08,0.25
641,0.54,0.06,0.40
642,0.55,0.37,0.08
643,0.34,0.15,0.51
644,0.38,0.15,0.47
645,0.48,0.22,0.30
646,0.46,0.54,
647,0.01,0.99,
648,0.39,0.47,0.13
649,1.00,,
650,0.33,0.24,0.43
651,0.99,0.01,
652,0.35,0.60,0.05
653,0.55,0.42,0.03
654,0.75,0.07,0.18
655,0.05,0.61,0.34
656,0.99,0.01,
657,0.92,0.08,
658,1.00,,
659,0.91,0.09,
660,1.00,,
661,0.94,0.05,0.01
662,0.29,0.61,0.10
663,0.08,0.43,0.49
664,1.00,,
665,0.54,0.14,0.32
666,0.85,0.15,
667,0.13,0.45,0.42
668,0.09,0.80,0.12
669,0.17,0.27,0.56
670,0.69,0.31,
671,1.00,,
672,0.98,0.02,
673,0.61,0.37,0.02
674,1.00,,
675,0.93,0.07,
676,0.75,0.13,0.12
677,1.00,,
678,1.00,,
679,0.32,0.54,0.14
680,1.00,,
681,0.62,0.31,0.07
682,0.43,0.12,0.46
683,1.00,,
684,0.22,0.24,0.53
685,0.94,0.05,0.01
686,0.28,0.64,0.08
687,0.95,0.05,
688,0.73,0.27,
689,0.92,0.08,
690,0.65,0.06,0.28
691,0.26,0.48,0.26
692,0.13,0.87,
693,0.99,0.01,
694,1.00,,
695,0.43,0.09,0.48
696,0.23,0.37,0.40
697,0.18,0.80,0.01
698,0.79,0.21,
699,1.00,,
700,1.00,,
701,0.23,0.66,0.10
702,1.00,,
703,0.29,0.30,0.41
704,0.92,0.08,
705,0.50,0.39,0.11
706,0.47,0.46,0.07
707,0.65,0.31,0.04
708,0.90,0.10,
709,0.08,0.02,0.90
710,1.00,,
711,0.16,0.77,0.07
712,0.22,0.03,0.75
713,0.16,0.65,0.18
714,0.60,0.13,0.27
715,0.89,0.11,
716,1.00,,
717,0.62,0.38,
718,0.89,0.11,
719,0.95,0.04,
720,0.27,0.22,0.51
721,0.23,0.76,0.02
722,0.36,0.24,0.39
723,0.89,0.11,
724,0.12,0.33,0.55
725,0.56,0.14,0.30
726,1.00,,
727,0.47,0.41,0.12
728,0.91,0.01,0.08
729,1.00,,
730,0.91,0.06,0.03
731,0.13,0.49,0.38
732,0.45,0.14,0.40
733,0.23,0.62,0.14
734,0.19,0.35,0.45
735,0.55,0.42,0.03
736,0.79,0.19,0.01
737,0.60,0.35,0.05
738,0.10,0.16,0.75
739,0.34,0.67,
740,0.95,0.05,
741,0.41,0.46,0.13
742,0.14,0.22,0.64
743,1.00,,
744,1.00,,
745,0.73,0.27,
746,0.23,0.29,0.48
747,0.35,0.65,
748,0.75,0.22,0.03
749,0.33,0.60,0.06
750,0.98,0.02,
751,1.00,,
752,0.30,0.15,0.54
753,0.38,0.48,0.14
754,0.92,0.08,
755,0.88,0.12,
756,0.57,0.07,0.36
757,1.00,,
758,0.99,0.01,
759,0.88,0.07,0.04
760,0.70,0.09,0.21
761,1.00,,
762,1.00,,
763,0.09,0.91,
764,0.75,0.25,
765,0.03,0.58,0.39
766,0.31,0.29,0.40
767,0.01,0.59,0.40
768,0.83,0.03,0.14
769,0.16,0.81,0.03
770,0.64,0.36,
771,0.85,0.15,0.01
772,0.07,0.47,0.46
773,0.41,0.30,0.29
774,0.13,0.34,0.53
775,1.00,,
776,0.18,0.60,0.21
777,0.97,0.03,
778,1.00,,
779,0.89,0.09,0.02
780,0.29,0.33,0.38
781,0.07,0.92,0.01
782,0.89,0.02,0.08
783,0.60,0.37,0.03
784,0.98,0.02,
785,0.60,0.40,
786,0.18,0.38,0.44
787,0.29,0.71,
788,0.16,0.32,0.53
789,0.37,0.62,0.01
790,0.56,0.44,
791,0.24,0.03,0.72
792,0.73,0.20,0.07
793,0.78,0.22,
794,0.77,0.15,0.08
795,0.33,0.09,0.58
796,0.17,0.71,0.11
797,0.40,0.56,0.04
798,0.87,0.13,
799,0.83,0.09,0.07
800,0.50,0.22,0.29
801,0.39,0.27,0.35
802,0.28,0.68,0.04
803,1.00,,
804,0.81,0.14,0.05
805,1.00,0.00,
806,0.56,0.42,0.02
807,0.81,0.03,0.16
808,0.25,0.53,0.22
809,1.00,,
810,0.93,0.07,0.01
811,1.00,,
