,0,1,2,3,4,5,6,7,8,9,10,11,12,13,14,15,16,17,18,19,20,21,22,23,24,25,26,27,28,29,30,31,32,33,34,35,36,37,38,39,40,41,42,43,44,45,46,47,48,49
0,1.000,-0.317,-0.185,0.408,0.416,-0.205,-0.050,-0.207,0.001,-0.140,0.278,0.304,0.215,-0.132,-0.026,0.564,-0.004,0.315,-0.056,0.234,0.040,0.157,0.227,-0.288,-0.070,0.022,-0.158,-0.071,-0.143,-0.013,-0.071,0.141,0.154,0.112,-0.278,-0.123,0.194,-0.148,-0.236,-0.134,-0.071,0.029,-0.242,0.006,-0.078,-0.087,0.084,-0.010,-0.056,-0.049
1,-0.317,1.000,0.090,-0.136,-0.035,0.077,-0.002,0.090,0.040,0.131,-0.231,-0.196,-0.159,0.115,-0.103,-0.030,0.215,0.061,-0.126,-0.180,0.297,-0.146,0.191,0.174,-0.020,0.043,0.141,0.003,0.109,-0.073,0.114,-0.161,-0.105,-0.198,0.241,0.124,-0.125,0.044,0.123,0.163,0.066,0.112,0.089,0.039,0.122,0.056,0.026,0.044,0.073,0.009
2,-0.185,0.090,1.000,-0.128,-0.023,0.236,-0.220,0.211,0.374,-0.339,-0.252,-0.354,-0.199,0.212,-0.191,-0.081,0.037,-0.139,-0.118,-0.027,-0.062,0.002,-0.092,-0.008,0.093,-0.246,-0.020,0.105,0.084,0.329,-0.167,-0.034,-0.034,0.025,0.057,0.166,0.005,-0.084,0.027,-0.177,-0.156,-0.118,0.071,-0.206,-0.011,0.025,-0.114,-0.015,0.081,-0.033
3,0.408,-0.136,-0.128,1.000,0.359,-0.053,-0.087,-0.029,-0.120,-0.060,0.132,0.073,0.194,-0.025,-0.075,0.325,0.038,0.248,-0.035,0.238,0.189,0.029,0.273,-0.059,-0.040,0.035,-0.082,-0.043,-0.095,0.055,0.000,0.091,0.092,0.058,-0.070,0.044,0.012,-0.089,-0.063,-0.026,-0.005,0.020,-0.022,0.068,-0.045,-0.098,0.001,0.023,-0.048,-0.001
4,0.416,-0.035,-0.023,0.359,1.000,-0.171,-0.021,-0.148,-0.070,-0.132,0.200,0.080,0.279,-0.094,-0.034,0.337,-0.034,0.300,0.003,0.315,0.147,0.033,0.287,-0.177,-0.088,-0.071,-0.112,-0.053,-0.096,0.081,-0.031,0.081,0.083,0.064,-0.188,-0.044,0.133,-0.090,-0.115,-0.140,-0.023,-0.044,-0.162,0.051,-0.050,-0.089,-0.041,-0.007,-0.023,-0.043
5,-0.205,0.077,0.236,-0.053,-0.171,1.000,0.190,0.252,0.192,-0.066,-0.166,-0.306,-0.113,0.228,0.095,-0.090,0.046,-0.051,-0.037,-0.069,0.006,-0.026,-0.046,0.202,0.122,-0.040,0.226,-0.094,0.286,0.151,-0.146,-0.055,-0.041,0.009,0.174,0.109,-0.130,-0.007,0.196,0.006,-0.030,-0.072,0.169,-0.119,-0.012,-0.047,-0.211,0.035,0.023,0.017
6,-0.050,-0.002,-0.220,-0.087,-0.021,0.190,1.000,0.085,0.106,0.218,0.138,-0.019,0.171,-0.089,0.338,0.048,0.074,0.095,0.131,0.015,0.005,-0.023,0.039,0.128,-0.093,0.172,0.209,0.016,0.308,-0.135,-0.053,-0.068,-0.066,-0.028,0.022,-0.237,-0.007,-0.009,0.016,-0.010,-0.001,-0.032,-0.039,-0.012,-0.005,-0.060,-0.095,-0.019,-0.013,-0.005
7,-0.207,0.090,0.211,-0.029,-0.148,0.252,0.085,1.000,0.121,0.028,-0.181,-0.327,-0.146,0.304,-0.242,-0.130,0.132,-0.082,-0.026,-0.082,-0.043,-0.053,-0.035,0.359,-0.046,0.011,0.045,0.167,0.227,0.044,-0.075,-0.041,-0.069,-0.023,0.135,0.140,-0.078,-0.036,0.128,-0.038,-0.049,-0.066,0.165,-0.100,-0.032,-0.001,-0.131,0.021,0.050,0.005
8,0.001,0.040,0.374,-0.120,-0.070,0.192,0.106,0.121,1.000,-0.223,0.020,-0.222,-0.192,-0.011,0.015,0.149,0.277,-0.037,-0.162,0.000,-0.088,-0.014,-0.032,0.022,-0.219,0.043,0.133,0.004,0.088,0.074,-0.165,-0.069,-0.042,-0.010,-0.002,-0.036,0.002,-0.119,-0.139,-0.032,-0.159,-0.016,-0.027,-0.216,0.010,0.011,-0.095,-0.001,0.088,-0.034
9,-0.140,0.131,-0.339,-0.060,-0.132,-0.066,0.218,0.028,-0.223,1.000,0.037,0.080,-0.097,-0.019,0.196,-0.050,0.103,-0.065,0.008,-0.183,0.010,-0.163,-0.015,0.135,-0.080,0.292,0.107,0.047,0.215,-0.361,0.245,-0.185,-0.181,-0.225,0.076,-0.167,-0.064,0.087,0.097,0.126,0.093,0.099,-0.006,0.119,0.090,0.026,0.050,-0.009,-0.024,-0.013
10,0.278,-0.231,-0.252,0.132,0.200,-0.166,0.138,-0.181,0.020,0.037,1.000,0.231,0.298,-0.164,0.320,0.124,-0.082,0.181,0.251,0.229,-0.021,0.009,0.063,-0.141,-0.148,0.107,-0.054,0.073,-0.127,0.008,0.001,0.070,0.085,0.076,-0.191,-0.092,0.006,-0.093,-0.164,0.040,-0.098,-0.039,-0.091,0.034,-0.140,-0.127,-0.027,-0.037,-0.067,-0.034
11,0.304,-0.196,-0.354,0.073,0.080,-0.306,-0.019,-0.327,-0.222,0.080,0.231,1.000,0.151,-0.205,0.178,0.085,-0.121,0.127,0.250,0.128,-0.034,0.276,0.027,-0.330,0.040,0.142,-0.300,-0.010,-0.140,-0.140,0.037,0.224,0.243,0.143,-0.256,-0.145,0.331,0.022,-0.214,-0.010,-0.027,0.042,-0.181,0.064,-0.105,-0.106,0.202,-0.054,-0.121,-0.039
12,0.215,-0.159,-0.199,0.194,0.279,-0.113,0.171,-0.146,-0.192,-0.097,0.298,0.151,1.000,-0.100,0.172,0.038,-0.170,0.280,0.271,0.369,0.166,0.033,0.194,-0.039,-0.052,0.003,-0.009,-0.030,-0.150,0.054,0.040,0.139,0.094,0.151,-0.015,-0.089,0.007,-0.023,0.030,-0.044,0.037,-0.102,-0.014,0.112,-0.088,-0.115,0.002,-0.030,-0.064,-0.011
13,-0.132,0.115,0.212,-0.025,-0.094,0.228,-0.089,0.304,-0.011,-0.019,-0.164,-0.205,-0.100,1.000,-0.205,-0.046,0.185,-0.018,-0.086,-0.084,0.007,-0.081,0.003,0.224,0.333,0.106,0.075,0.293,0.258,0.086,-0.119,-0.151,-0.125,-0.138,0.121,0.237,-0.091,-0.025,0.117,0.048,0.021,0.028,0.201,-0.088,0.018,0.038,-0.031,0.020,0.053,0.014
14,-0.026,-0.103,-0.191,-0.075,-0.034,0.095,0.338,-0.242,0.015,0.196,0.320,0.178,0.172,-0.205,1.000,-0.007,-0.123,0.054,0.296,0.070,-0.035,0.020,-0.021,-0.107,-0.047,0.127,0.073,-0.036,0.112,-0.008,0.043,0.046,-0.024,0.055,-0.057,-0.184,0.005,0.004,-0.008,0.010,-0.051,-0.038,-0.056,0.022,-0.047,-0.108,-0.058,-0.039,-0.064,-0.029
15,0.564,-0.030,-0.081,0.325,0.337,-0.090,0.048,-0.130,0.149,-0.050,0.124,0.085,0.038,-0.046,-0.007,1.000,0.180,0.335,-0.113,0.026,0.111,0.004,0.307,-0.139,-0.076,0.069,0.023,-0.062,0.049,-0.148,-0.031,-0.020,-0.035,-0.081,-0.115,-0.082,0.030,-0.112,-0.198,0.030,-0.056,0.155,-0.196,-0.053,0.061,-0.029,0.092,0.011,0.024,-0.050
16,-0.004,0.215,0.037,0.038,-0.034,0.046,0.074,0.132,0.277,0.103,-0.082,-0.121,-0.170,0.185,-0.123,0.180,1.000,-0.035,-0.217,-0.133,0.036,-0.185,0.048,0.102,-0.170,0.254,0.115,-0.025,0.066,-0.166,0.047,-0.199,-0.188,-0.235,0.065,0.028,-0.126,-0.069,-0.106,0.119,0.015,0.182,0.029,-0.064,0.093,0.059,0.087,0.026,0.071,-0.022
17,0.315,0.061,-0.139,0.248,0.300,-0.051,0.095,-0.082,-0.037,-0.065,0.181,0.127,0.280,-0.018,0.054,0.335,-0.035,1.000,0.056,0.195,0.347,0.065,0.480,-0.066,-0.010,0.027,-0.032,-0.005,-0.023,0.001,-0.076,0.048,0.056,0.069,-0.107,-0.080,0.036,-0.061,-0.071,-0.097,-0.054,0.047,-0.085,0.002,-0.044,-0.076,0.057,0.012,-0.028,-0.018
18,-0.056,-0.126,-0.118,-0.035,0.003,-0.037,0.131,-0.026,-0.162,0.008,0.251,0.250,0.271,-0.086,0.296,-0.113,-0.217,0.056,1.000,0.134,-0.034,0.097,-0.028,-0.064,0.037,0.026,-0.107,0.045,-0.045,0.070,0.004,0.245,0.111,0.231,-0.106,-0.030,0.038,-0.001,0.004,0.000,-0.027,-0.117,0.021,0.070,-0.107,-0.132,-0.069,-0.030,-0.070,-0.014
19,0.234,-0.180,-0.027,0.238,0.315,-0.069,0.015,-0.082,0.000,-0.183,0.229,0.128,0.369,-0.084,0.070,0.026,-0.133,0.195,0.134,1.000,0.061,0.091,0.128,-0.117,-0.053,-0.077,-0.105,0.067,-0.146,0.237,-0.080,0.181,0.197,0.216,-0.121,0.012,0.193,-0.102,-0.060,-0.108,-0.035,-0.136,-0.033,0.029,-0.127,-0.127,-0.078,-0.018,-0.058,-0.027
20,0.040,0.297,-0.062,0.189,0.147,0.006,0.005,-0.043,-0.088,0.010,-0.021,-0.034,0.166,0.007,-0.035,0.111,0.036,0.347,-0.034,0.061,1.000,-0.027,0.353,0.023,-0.021,0.003,0.064,-0.050,-0.046,-0.002,0.061,-0.031,-0.009,-0.035,0.105,0.033,-0.085,-0.007,0.076,0.027,0.040,0.058,0.048,0.049,0.014,-0.015,0.053,0.020,-0.009,0.003
21,0.157,-0.146,0.002,0.029,0.033,-0.026,-0.023,-0.053,-0.014,-0.163,0.009,0.276,0.033,-0.081,0.020,0.004,-0.185,0.065,0.097,0.091,-0.027,1.000,0.005,-0.210,0.102,-0.104,-0.196,-0.034,-0.064,0.095,-0.099,0.247,0.303,0.253,-0.118,-0.065,0.332,-0.043,-0.099,-0.171,-0.052,-0.083,-0.121,-0.055,-0.098,-0.085,0.012,-0.041,-0.071,-0.033
22,0.227,0.191,-0.092,0.273,0.287,-0.046,0.039,-0.035,-0.032,-0.015,0.063,0.027,0.194,0.003,-0.021,0.307,0.048,0.480,-0.028,0.128,0.353,0.005,1.000,0.019,-0.045,0.021,0.002,-0.033,-0.010,-0.025,0.003,0.009,0.026,0.007,-0.015,0.002,-0.008,-0.056,-0.025,-0.004,-0.005,0.067,-0.076,0.037,-0.009,-0.050,0.051,0.012,0.002,-0.016
23,-0.288,0.174,-0.008,-0.059,-0.177,0.202,0.128,0.359,0.022,0.135,-0.141,-0.330,-0.039,0.224,-0.107,-0.139,0.102,-0.066,-0.064,-0.117,0.023,-0.210,0.019,1.000,-0.034,0.081,0.282,0.077,0.164,-0.081,0.045,-0.196,-0.169,-0.136,0.338,0.225,-0.237,0.073,0.336,0.215,0.170,0.001,0.259,0.091,0.056,0.016,-0.107,0.028,0.103,0.054
24,-0.070,-0.020,0.093,-0.040,-0.088,0.122,-0.093,-0.046,-0.219,-0.080,-0.148,0.040,-0.052,0.333,-0.047,-0.076,-0.170,-0.010,0.037,-0.053,-0.021,0.102,-0.045,-0.034,1.000,0.030,-0.112,0.263,0.174,0.179,-0.093,0.054,0.042,0.026,-0.034,0.102,0.078,0.055,0.064,-0.078,0.018,-0.086,0.127,-0.030,0.007,-0.057,-0.028,-0.017,-0.034,-0.001
25,0.022,0.043,-0.246,0.035,-0.071,-0.040,0.172,0.011,0.043,0.292,0.107,0.142,0.003,0.106,0.127,0.069,0.254,0.027,0.026,-0.077,0.003,-0.104,0.021,0.081,0.030,1.000,0.053,0.014,0.045,-0.300,0.155,-0.082,-0.123,-0.137,0.021,-0.106,-0.047,0.008,-0.059,0.094,0.004,0.066,0.080,0.040,0.095,-0.050,0.130,-0.019,-0.029,-0.019
26,-0.158,0.141,-0.020,-0.082,-0.112,0.226,0.209,0.045,0.133,0.107,-0.054,-0.300,-0.009,0.075,0.073,0.023,0.115,-0.032,-0.107,-0.105,0.064,-0.196,0.002,0.282,-0.112,0.053,1.000,-0.060,0.156,-0.060,0.099,-0.183,-0.216,-0.205,0.325,0.066,-0.251,0.056,0.263,0.223,0.135,0.078,0.072,0.113,0.129,0.048,-0.095,0.033,0.111,0.013
27,-0.071,0.003,0.105,-0.043,-0.053,-0.094,0.016,0.167,0.004,0.047,0.073,-0.010,-0.030,0.293,-0.036,-0.062,-0.025,-0.005,0.045,0.067,-0.050,-0.034,-0.033,0.077,0.263,0.014,-0.060,1.000,0.199,0.169,-0.071,-0.035,-0.045,-0.035,-0.039,0.147,0.045,-0.012,0.010,-0.050,-0.025,-0.092,0.092,-0.048,-0.039,-0.026,-0.085,-0.037,0.021,-0.010
28,-0.143,0.109,0.084,-0.095,-0.096,0.286,0.308,0.227,0.088,0.215,-0.127,-0.140,-0.150,0.258,0.112,0.049,0.066,-0.023,-0.045,-0.146,-0.046,-0.064,-0.010,0.164,0.174,0.045,0.156,0.199,1.000,-0.037,-0.065,-0.141,-0.163,-0.107,0.088,-0.020,-0.019,0.002,0.107,-0.049,-0.095,0.013,0.029,-0.120,0.085,-0.022,-0.172,-0.003,0.026,-0.017
29,-0.013,-0.073,0.329,0.055,0.081,0.151,-0.135,0.044,0.074,-0.361,0.008,-0.140,0.054,0.086,-0.008,-0.148,-0.166,0.001,0.070,0.237,-0.002,0.095,-0.025,-0.081,0.179,-0.300,-0.060,0.169,-0.037,1.000,-0.112,0.138,0.135,0.205,-0.022,0.205,0.103,-0.083,0.074,-0.176,-0.091,-0.224,0.029,-0.036,-0.130,-0.079,-0.192,-0.039,-0.008,-0.020
30,-0.071,0.114,-0.167,0.000,-0.031,-0.146,-0.053,-0.075,-0.165,0.245,0.001,0.037,0.040,-0.119,0.043,-0.031,0.047,-0.076,0.004,-0.080,0.061,-0.099,0.003,0.045,-0.093,0.155,0.099,-0.071,-0.065,-0.112,1.000,-0.106,-0.155,-0.120,0.158,-0.018,-0.139,0.111,0.091,0.139,0.080,0.076,0.013,0.184,0.131,0.031,0.038,-0.017,-0.043,-0.042
31,0.141,-0.161,-0.034,0.091,0.081,-0.055,-0.068,-0.041,-0.069,-0.185,0.070,0.224,0.139,-0.151,0.046,-0.020,-0.199,0.048,0.245,0.181,-0.031,0.247,0.009,-0.196,0.054,-0.082,-0.183,-0.035,-0.141,0.138,-0.106,1.000,0.333,0.280,-0.162,0.013,0.237,-0.050,-0.118,-0.034,0.008,-0.107,-0.070,-0.006,-0.127,-0.093,-0.032,-0.062,-0.076,-0.035
32,0.154,-0.105,-0.034,0.092,0.083,-0.041,-0.066,-0.069,-0.042,-0.181,0.085,0.243,0.094,-0.125,-0.024,-0.035,-0.188,0.056,0.111,0.197,-0.009,0.303,0.026,-0.169,0.042,-0.123,-0.216,-0.045,-0.163,0.135,-0.155,0.333,1.000,0.327,-0.150,0.032,0.270,-0.069,-0.125,-0.003,-0.054,-0.067,-0.085,-0.067,-0.133,-0.078,-0.074,-0.027,-0.071,-0.038
33,0.112,-0.198,0.025,0.058,0.064,0.009,-0.028,-0.023,-0.010,-0.225,0.076,0.143,0.151,-0.138,0.055,-0.081,-0.235,0.069,0.231,0.216,-0.035,0.253,0.007,-0.136,0.026,-0.137,-0.205,-0.035,-0.107,0.205,-0.120,0.280,0.327,1.000,-0.146,-0.020,0.222,-0.081,-0.083,-0.121,-0.044,-0.149,-0.071,-0.016,-0.157,-0.100,-0.056,-0.066,-0.066,-0.030
34,-0.278,0.241,0.057,-0.070,-0.188,0.174,0.022,0.135,-0.002,0.076,-0.191,-0.256,-0.015,0.121,-0.057,-0.115,0.065,-0.107,-0.106,-0.121,0.105,-0.118,-0.015,0.338,-0.034,0.021,0.325,-0.039,0.088,-0.022,0.158,-0.162,-0.150,-0.146,1.000,0.153,-0.240,0.118,0.369,0.249,0.136,0.049,0.150,0.064,0.193,0.009,-0.036,0.012,0.071,0.027
35,-0.123,0.124,0.166,0.044,-0.044,0.109,-0.237,0.140,-0.036,-0.167,-0.092,-0.145,-0.089,0.237,-0.184,-0.082,0.028,-0.080,-0.030,0.012,0.033,-0.065,0.002,0.225,0.102,-0.106,0.066,0.147,-0.020,0.205,-0.018,0.013,0.032,-0.020,0.153,1.000,-0.059,-0.023,0.182,0.084,0.074,-0.041,0.222,-0.005,-0.035,-0.002,-0.090,0.035,0.042,-0.002
36,0.194,-0.125,0.005,0.012,0.133,-0.130,-0.007,-0.078,0.002,-0.064,0.006,0.331,0.007,-0.091,0.005,0.030,-0.126,0.036,0.038,0.193,-0.085,0.332,-0.008,-0.237,0.078,-0.047,-0.251,0.045,-0.019,0.103,-0.139,0.237,0.270,0.222,-0.240,-0.059,1.000,-0.087,-0.165,-0.190,-0.098,-0.087,-0.138,-0.057,-0.121,-0.076,0.076,-0.061,-0.075,-0.057
37,-0.148,0.044,-0.084,-0.089,-0.090,-0.007,-0.009,-0.036,-0.119,0.087,-0.093,0.022,-0.023,-0.025,0.004,-0.112,-0.069,-0.061,-0.001,-0.102,-0.007,-0.043,-0.056,0.073,0.055,0.008,0.056,-0.012,0.002,-0.083,0.111,-0.050,-0.069,-0.081,0.118,-0.023,-0.087,1.000,0.083,0.065,0.081,0.039,-0.001,0.040,0.142,-0.025,0.130,-0.008,-0.000,0.003
38,-0.236,0.123,0.027,-0.063,-0.115,0.196,0.016,0.128,-0.139,0.097,-0.164,-0.214,0.030,0.117,-0.008,-0.198,-0.106,-0.071,0.004,-0.060,0.076,-0.099,-0.025,0.336,0.064,-0.059,0.263,0.010,0.107,0.074,0.091,-0.118,-0.125,-0.083,0.369,0.182,-0.165,0.083,1.000,0.091,0.112,-0.053,0.272,0.156,0.047,0.013,-0.062,0.009,0.047,0.036
39,-0.134,0.163,-0.177,-0.026,-0.140,0.006,-0.010,-0.038,-0.032,0.126,0.040,-0.010,-0.044,0.048,0.010,0.030,0.119,-0.097,0.000,-0.108,0.027,-0.171,-0.004,0.215,-0.078,0.094,0.223,-0.050,-0.049,-0.176,0.139,-0.034,-0.003,-0.121,0.249,0.084,-0.190,0.065,0.091,1.000,0.309,0.083,0.091,0.221,0.070,0.046,-0.054,0.052,0.080,0.034
40,-0.071,0.066,-0.156,-0.005,-0.023,-0.030,-0.001,-0.049,-0.159,0.093,-0.098,-0.027,0.037,0.021,-0.051,-0.056,0.015,-0.054,-0.027,-0.035,0.040,-0.052,-0.005,0.170,0.018,0.004,0.135,-0.025,-0.095,-0.091,0.080,0.008,-0.054,-0.044,0.136,0.074,-0.098,0.081,0.112,0.309,1.000,0.018,0.089,0.137,0.025,0.032,-0.016,-0.010,0.043,0.023
41,0.029,0.112,-0.118,0.020,-0.044,-0.072,-0.032,-0.066,-0.016,0.099,-0.039,0.042,-0.102,0.028,-0.038,0.155,0.182,0.047,-0.117,-0.136,0.058,-0.083,0.067,0.001,-0.086,0.066,0.078,-0.092,0.013,-0.224,0.076,-0.107,-0.067,-0.149,0.049,-0.041,-0.087,0.039,-0.053,0.083,0.018,1.000,-0.056,0.013,0.133,0.080,0.083,0.058,0.038,-0.020
42,-0.242,0.089,0.071,-0.022,-0.162,0.169,-0.039,0.165,-0.027,-0.006,-0.091,-0.181,-0.014,0.201,-0.056,-0.196,0.029,-0.085,0.021,-0.033,0.048,-0.121,-0.076,0.259,0.127,0.080,0.072,0.092,0.029,0.029,0.013,-0.070,-0.085,-0.071,0.150,0.222,-0.138,-0.001,0.272,0.091,0.089,-0.056,1.000,0.066,-0.047,-0.006,-0.028,0.014,0.006,0.047
43,0.006,0.039,-0.206,0.068,0.051,-0.119,-0.012,-0.100,-0.216,0.119,0.034,0.064,0.112,-0.088,0.022,-0.053,-0.064,0.002,0.070,0.029,0.049,-0.055,0.037,0.091,-0.030,0.040,0.113,-0.048,-0.120,-0.036,0.184,-0.006,-0.067,-0.016,0.064,-0.005,-0.057,0.040,0.156,0.221,0.137,0.013,0.066,1.000,-0.009,0.009,0.065,-0.002,0.018,0.027
44,-0.078,0.122,-0.011,-0.045,-0.050,-0.012,-0.005,-0.032,0.010,0.090,-0.140,-0.105,-0.088,0.018,-0.047,0.061,0.093,-0.044,-0.107,-0.127,0.014,-0.098,-0.009,0.056,0.007,0.095,0.129,-0.039,0.085,-0.130,0.131,-0.127,-0.133,-0.157,0.193,-0.035,-0.121,0.142,0.047,0.070,0.025,0.133,-0.047,-0.009,1.000,-0.018,0.198,0.022,0.039,-0.010
45,-0.087,0.056,0.025,-0.098,-0.089,-0.047,-0.060,-0.001,0.011,0.026,-0.127,-0.106,-0.115,0.038,-0.108,-0.029,0.059,-0.076,-0.132,-0.127,-0.015,-0.085,-0.050,0.016,-0.057,-0.050,0.048,-0.026,-0.022,-0.079,0.031,-0.093,-0.078,-0.100,0.009,-0.002,-0.076,-0.025,0.013,0.046,0.032,0.080,-0.006,0.009,-0.018,1.000,0.078,0.099,0.047,0.012
46,0.084,0.026,-0.114,0.001,-0.041,-0.211,-0.095,-0.131,-0.095,0.050,-0.027,0.202,0.002,-0.031,-0.058,0.092,0.087,0.057,-0.069,-0.078,0.053,0.012,0.051,-0.107,-0.028,0.130,-0.095,-0.085,-0.172,-0.192,0.038,-0.032,-0.074,-0.056,-0.036,-0.090,0.076,0.130,-0.062,-0.054,-0.016,0.083,-0.028,0.065,0.198,0.078,1.000,-0.021,-0.024,-0.024
47,-0.010,0.044,-0.015,0.023,-0.007,0.035,-0.019,0.021,-0.001,-0.009,-0.037,-0.054,-0.030,0.020,-0.039,0.011,0.026,0.012,-0.030,-0.018,0.020,-0.041,0.012,0.028,-0.017,-0.019,0.033,-0.037,-0.003,-0.039,-0.017,-0.062,-0.027,-0.066,0.012,0.035,-0.061,-0.008,0.009,0.052,-0.010,0.058,0.014,-0.002,0.022,0.099,-0.021,1.000,0.024,-0.001
48,-0.056,0.073,0.081,-0.048,-0.023,0.023,-0.013,0.050,0.088,-0.024,-0.067,-0.121,-0.064,0.053,-0.064,0.024,0.071,-0.028,-0.070,-0.058,-0.009,-0.071,0.002,0.103,-0.034,-0.029,0.111,0.021,0.026,-0.008,-0.043,-0.076,-0.071,-0.066,0.071,0.042,-0.075,-0.000,0.047,0.080,0.043,0.038,0.006,0.018,0.039,0.047,-0.024,0.024,1.000,0.034
49,-0.049,0.009,-0.033,-0.001,-0.043,0.017,-0.005,0.005,-0.034,-0.013,-0.034,-0.039,-0.011,0.014,-0.029,-0.050,-0.022,-0.018,-0.014,-0.027,0.003,-0.033,-0.016,0.054,-0.001,-0.019,0.013,-0.010,-0.017,-0.020,-0.042,-0.035,-0.038,-0.030,0.027,-0.002,-0.057,0.003,0.036,0.034,0.023,-0.020,0.047,0.027,-0.010,0.012,-0.024,-0.001,0.034,1.000
