,0,1,2,3,4,5,6,7,8,9,10,11,12,13,14,15,16,17,18,19,20,21,22,23,24,25,26,27,28,29,30,31,32,33,34,35,36,37,38,39,40,41,42,43,44,45,46,47,48,49
0,1.000,-0.366,-0.219,0.522,0.406,-0.295,-0.041,-0.230,-0.050,-0.081,0.306,0.380,0.274,-0.190,-0.005,0.597,-0.018,0.359,-0.021,0.303,0.083,0.179,0.240,-0.340,-0.039,0.031,-0.209,-0.085,-0.183,-0.038,-0.055,0.113,0.159,0.193,-0.360,-0.206,0.208,-0.155,-0.296,-0.143,-0.041,0.013,-0.295,0.007,-0.111,-0.140,0.053,-0.025,-0.092,-0.065
1,-0.366,1.000,0.110,-0.239,0.001,0.076,-0.035,0.054,0.009,0.101,-0.283,-0.205,-0.171,0.121,-0.136,-0.103,0.176,0.088,-0.146,-0.213,0.337,-0.167,0.271,0.190,0.009,-0.017,0.134,0.046,0.091,-0.062,0.105,-0.190,-0.133,-0.229,0.270,0.155,-0.108,0.086,0.168,0.153,0.089,0.110,0.104,0.045,0.113,0.079,0.027,0.020,0.102,0.020
2,-0.219,0.110,1.000,-0.179,-0.017,0.290,-0.314,0.280,0.470,-0.570,-0.366,-0.485,-0.275,0.247,-0.393,-0.064,0.039,-0.205,-0.200,-0.032,-0.083,0.038,-0.136,0.007,0.094,-0.388,-0.028,0.026,-0.032,0.472,-0.330,0.011,0.036,0.081,0.163,0.345,0.004,-0.123,0.034,-0.217,-0.191,-0.121,0.120,-0.331,0.042,0.070,-0.130,-0.003,0.167,-0.029
3,0.522,-0.239,-0.179,1.000,0.351,-0.149,-0.103,-0.074,-0.179,-0.010,0.172,0.180,0.219,-0.084,-0.069,0.355,-0.004,0.274,-0.032,0.298,0.183,0.061,0.259,-0.131,-0.022,0.013,-0.169,-0.029,-0.148,0.020,0.001,0.097,0.117,0.139,-0.189,-0.011,0.071,-0.128,-0.104,-0.072,0.020,-0.039,-0.041,0.092,-0.130,-0.138,0.012,0.006,-0.097,-0.008
4,0.406,0.001,-0.017,0.351,1.000,-0.249,0.027,-0.213,-0.129,-0.104,0.216,0.094,0.434,-0.100,-0.034,0.332,-0.119,0.430,0.073,0.408,0.266,0.020,0.388,-0.241,-0.039,-0.157,-0.138,-0.012,-0.109,0.067,-0.042,0.016,0.058,0.084,-0.213,-0.125,0.118,-0.082,-0.118,-0.210,-0.022,-0.071,-0.221,0.063,-0.071,-0.128,-0.082,-0.000,-0.029,-0.052
5,-0.295,0.076,0.290,-0.149,-0.249,1.000,0.181,0.297,0.209,-0.091,-0.293,-0.420,-0.238,0.271,0.027,-0.151,0.047,-0.151,-0.133,-0.191,-0.054,-0.036,-0.148,0.206,0.138,-0.087,0.332,-0.165,0.408,0.211,-0.250,-0.062,-0.070,-0.019,0.298,0.119,-0.149,-0.012,0.310,-0.042,-0.080,-0.079,0.229,-0.217,0.035,-0.011,-0.268,0.056,0.047,0.024
6,-0.041,-0.035,-0.314,-0.103,0.027,0.181,1.000,0.068,0.096,0.275,0.205,-0.041,0.215,-0.177,0.395,0.066,0.073,0.157,0.181,0.001,0.002,-0.050,0.058,0.165,-0.170,0.210,0.326,-0.014,0.385,-0.203,-0.030,-0.111,-0.119,-0.074,0.023,-0.403,-0.030,0.005,0.010,-0.028,-0.052,-0.021,-0.138,-0.010,0.019,-0.088,-0.185,-0.006,-0.023,-0.012
7,-0.230,0.054,0.280,-0.074,-0.213,0.297,0.068,1.000,0.234,-0.097,-0.256,-0.414,-0.259,0.305,-0.382,-0.144,0.220,-0.144,-0.078,-0.139,-0.121,-0.029,-0.096,0.501,-0.142,-0.005,0.040,0.107,0.147,0.051,-0.187,-0.019,-0.065,-0.024,0.199,0.198,-0.054,-0.064,0.130,-0.059,-0.089,-0.070,0.175,-0.217,-0.008,0.042,-0.168,0.033,0.107,0.010
8,-0.050,0.009,0.470,-0.179,-0.129,0.209,0.096,0.234,1.000,-0.359,-0.014,-0.342,-0.281,-0.021,-0.101,0.139,0.320,-0.124,-0.240,-0.035,-0.165,0.011,-0.124,0.092,-0.293,0.005,0.185,-0.044,0.033,0.137,-0.303,-0.078,-0.038,0.030,0.058,0.003,0.014,-0.153,-0.197,-0.051,-0.226,-0.030,-0.010,-0.355,0.041,0.042,-0.158,-0.012,0.167,-0.041
9,-0.081,0.101,-0.570,-0.010,-0.104,-0.091,0.275,-0.097,-0.359,1.000,0.159,0.255,-0.016,-0.038,0.383,-0.076,0.079,0.013,0.055,-0.177,0.042,-0.220,0.021,0.170,-0.080,0.400,0.126,0.126,0.271,-0.503,0.376,-0.261,-0.263,-0.301,0.004,-0.283,-0.063,0.151,0.130,0.177,0.129,0.131,-0.045,0.236,0.074,-0.013,0.079,-0.004,-0.086,0.001
10,0.306,-0.283,-0.366,0.172,0.216,-0.293,0.205,-0.256,-0.014,0.159,1.000,0.299,0.380,-0.203,0.431,0.163,-0.083,0.234,0.334,0.239,-0.015,-0.037,0.079,-0.180,-0.204,0.144,-0.043,0.088,-0.109,-0.113,0.049,-0.007,0.024,0.038,-0.264,-0.216,-0.047,-0.099,-0.225,0.112,-0.107,-0.035,-0.176,0.068,-0.177,-0.163,-0.016,-0.036,-0.102,-0.036
11,0.380,-0.205,-0.485,0.180,0.094,-0.420,-0.041,-0.414,-0.342,0.255,0.299,1.000,0.243,-0.262,0.293,0.110,-0.114,0.208,0.262,0.186,0.037,0.243,0.093,-0.391,0.026,0.182,-0.342,-0.009,-0.148,-0.220,0.177,0.175,0.207,0.140,-0.357,-0.265,0.296,0.054,-0.267,0.069,0.038,0.087,-0.293,0.172,-0.126,-0.159,0.263,-0.055,-0.186,-0.042
12,0.274,-0.171,-0.275,0.219,0.434,-0.238,0.215,-0.259,-0.281,-0.016,0.380,0.243,1.000,-0.198,0.231,0.063,-0.276,0.386,0.396,0.432,0.220,0.043,0.275,-0.184,-0.066,-0.018,-0.045,-0.018,-0.156,-0.017,0.095,0.157,0.116,0.159,-0.126,-0.231,-0.009,-0.016,-0.035,-0.071,0.032,-0.117,-0.131,0.203,-0.128,-0.165,-0.019,-0.019,-0.118,-0.014
13,-0.190,0.121,0.247,-0.084,-0.100,0.271,-0.177,0.305,-0.021,-0.038,-0.203,-0.262,-0.198,1.000,-0.277,-0.103,0.210,-0.077,-0.137,-0.141,-0.019,-0.132,-0.064,0.253,0.408,0.094,0.074,0.330,0.282,0.175,-0.150,-0.200,-0.193,-0.191,0.192,0.365,-0.153,-0.015,0.176,0.010,-0.025,0.032,0.239,-0.161,0.077,0.055,-0.105,0.024,0.091,0.014
14,-0.005,-0.136,-0.393,-0.069,-0.034,0.027,0.395,-0.382,-0.101,0.383,0.431,0.293,0.231,-0.277,1.000,-0.004,-0.160,0.089,0.365,0.046,-0.033,-0.024,-0.024,-0.187,-0.090,0.183,0.134,-0.034,0.191,-0.157,0.104,0.017,-0.074,-0.004,-0.131,-0.341,-0.026,0.041,-0.023,0.073,-0.043,-0.013,-0.137,0.093,-0.055,-0.138,-0.023,-0.036,-0.126,-0.022
15,0.597,-0.103,-0.064,0.355,0.332,-0.151,0.066,-0.144,0.139,-0.076,0.163,0.110,0.063,-0.103,-0.004,1.000,0.134,0.350,-0.081,0.063,0.119,0.017,0.272,-0.168,-0.038,0.057,0.009,-0.061,0.020,-0.109,-0.054,-0.063,-0.049,-0.015,-0.158,-0.136,0.065,-0.097,-0.240,0.003,-0.046,0.134,-0.242,-0.089,0.062,-0.053,0.010,-0.030,0.032,-0.066
16,-0.018,0.176,0.039,-0.004,-0.119,0.047,0.073,0.220,0.320,0.079,-0.083,-0.114,-0.276,0.210,-0.160,0.134,1.000,-0.105,-0.247,-0.185,-0.051,-0.211,-0.034,0.210,-0.193,0.309,0.118,0.024,0.070,-0.156,-0.000,-0.271,-0.262,-0.255,0.069,0.058,-0.115,-0.065,-0.116,0.139,-0.014,0.183,0.062,-0.138,0.099,0.080,0.053,-0.003,0.117,-0.023
17,0.359,0.088,-0.205,0.274,0.430,-0.151,0.157,-0.144,-0.124,0.013,0.234,0.208,0.386,-0.077,0.089,0.350,-0.105,1.000,0.148,0.267,0.413,0.096,0.553,-0.142,0.007,0.008,-0.047,0.011,-0.022,-0.034,-0.052,0.035,0.076,0.105,-0.158,-0.191,0.059,-0.055,-0.107,-0.113,-0.062,0.030,-0.213,0.031,-0.070,-0.151,-0.015,0.010,-0.058,-0.034
18,-0.021,-0.146,-0.200,-0.032,0.073,-0.133,0.181,-0.078,-0.240,0.055,0.334,0.262,0.396,-0.137,0.365,-0.081,-0.247,0.148,1.000,0.163,0.015,0.075,0.033,-0.136,-0.023,0.020,-0.108,-0.035,-0.073,-0.005,0.064,0.272,0.104,0.213,-0.148,-0.121,-0.024,-0.005,-0.034,0.046,-0.020,-0.094,-0.078,0.123,-0.117,-0.157,-0.027,-0.021,-0.112,-0.014
19,0.303,-0.213,-0.032,0.298,0.408,-0.191,0.001,-0.139,-0.035,-0.177,0.239,0.186,0.432,-0.141,0.046,0.063,-0.185,0.267,0.163,1.000,0.109,0.129,0.184,-0.232,-0.077,-0.148,-0.170,0.071,-0.184,0.204,-0.103,0.199,0.235,0.266,-0.214,-0.065,0.225,-0.138,-0.136,-0.170,-0.058,-0.170,-0.107,0.050,-0.173,-0.159,-0.059,-0.014,-0.084,-0.034
20,0.083,0.337,-0.083,0.183,0.266,-0.054,0.002,-0.121,-0.165,0.042,-0.015,0.037,0.220,-0.019,-0.033,0.119,-0.051,0.413,0.015,0.109,1.000,0.002,0.462,-0.055,0.030,-0.047,0.022,-0.005,-0.046,-0.008,0.067,-0.025,0.025,-0.005,0.065,-0.014,-0.047,0.001,0.071,-0.008,0.045,0.044,-0.023,0.086,-0.012,-0.060,0.031,0.013,-0.031,-0.001
21,0.179,-0.167,0.038,0.061,0.020,-0.036,-0.050,-0.029,0.011,-0.220,-0.037,0.243,0.043,-0.132,-0.024,0.017,-0.211,0.096,0.075,0.129,0.002,1.000,0.026,-0.262,0.090,-0.161,-0.243,-0.142,-0.122,0.128,-0.167,0.317,0.409,0.367,-0.155,-0.095,0.352,-0.070,-0.156,-0.210,-0.046,-0.066,-0.177,-0.102,-0.117,-0.126,0.024,-0.027,-0.089,-0.040
22,0.240,0.271,-0.136,0.259,0.388,-0.148,0.058,-0.096,-0.124,0.021,0.079,0.093,0.275,-0.064,-0.024,0.272,-0.034,0.553,0.033,0.184,0.462,0.026,1.000,-0.053,-0.022,-0.021,-0.040,-0.001,-0.052,-0.044,0.024,0.001,0.051,0.037,-0.063,-0.073,0.022,-0.043,-0.042,-0.038,0.003,0.039,-0.151,0.072,-0.049,-0.092,0.010,0.004,-0.020,-0.021
23,-0.340,0.190,0.007,-0.131,-0.241,0.206,0.165,0.501,0.092,0.170,-0.180,-0.391,-0.184,0.253,-0.187,-0.168,0.210,-0.142,-0.136,-0.232,-0.055,-0.262,-0.053,1.000,-0.137,0.149,0.307,0.173,0.205,-0.174,0.055,-0.252,-0.268,-0.270,0.378,0.225,-0.250,0.078,0.361,0.208,0.122,0.021,0.303,0.055,0.094,0.077,-0.139,0.034,0.151,0.062
24,-0.039,0.009,0.094,-0.022,-0.039,0.138,-0.170,-0.142,-0.293,-0.080,-0.204,0.026,-0.066,0.408,-0.090,-0.038,-0.193,0.007,-0.023,-0.077,0.030,0.090,-0.022,-0.137,1.000,-0.003,-0.110,0.230,0.207,0.289,-0.057,0.046,0.046,0.014,-0.004,0.165,0.055,0.068,0.097,-0.113,0.008,-0.048,0.082,-0.034,0.071,-0.056,-0.010,-0.010,-0.050,-0.009
25,0.031,-0.017,-0.388,0.013,-0.157,-0.087,0.210,-0.005,0.005,0.400,0.144,0.182,-0.018,0.094,0.183,0.057,0.309,0.008,0.020,-0.148,-0.047,-0.161,-0.021,0.149,-0.003,1.000,0.097,0.035,0.041,-0.452,0.271,-0.154,-0.211,-0.202,-0.017,-0.205,-0.081,0.051,-0.094,0.164,0.019,0.095,0.103,0.056,0.119,-0.022,0.127,-0.040,-0.051,-0.020
26,-0.209,0.134,-0.028,-0.169,-0.138,0.332,0.326,0.040,0.185,0.126,-0.043,-0.342,-0.045,0.074,0.134,0.009,0.118,-0.047,-0.108,-0.170,0.022,-0.243,-0.040,0.307,-0.110,0.097,1.000,-0.027,0.307,-0.082,0.055,-0.255,-0.288,-0.269,0.414,0.011,-0.283,0.078,0.306,0.226,0.097,0.086,0.103,0.077,0.181,0.062,-0.187,0.032,0.145,0.018
27,-0.085,0.046,0.026,-0.029,-0.012,-0.165,-0.014,0.107,-0.044,0.126,0.088,-0.009,-0.018,0.330,-0.034,-0.061,0.024,0.011,-0.035,0.071,-0.005,-0.142,-0.001,0.173,0.230,0.035,-0.027,1.000,0.196,0.139,0.019,-0.154,-0.162,-0.144,0.013,0.216,-0.035,0.013,0.038,-0.008,-0.001,-0.065,0.033,0.005,-0.004,-0.026,-0.108,-0.030,0.054,-0.001
28,-0.183,0.091,-0.032,-0.148,-0.109,0.408,0.385,0.147,0.033,0.271,-0.109,-0.148,-0.156,0.282,0.191,0.020,0.070,-0.022,-0.073,-0.184,-0.046,-0.122,-0.052,0.205,0.207,0.041,0.307,0.196,1.000,-0.004,-0.103,-0.215,-0.235,-0.174,0.167,-0.044,-0.063,0.041,0.202,-0.045,-0.116,0.031,-0.037,-0.138,0.145,-0.039,-0.255,0.007,0.043,-0.014
29,-0.038,-0.062,0.472,0.020,0.067,0.211,-0.203,0.051,0.137,-0.503,-0.113,-0.220,-0.017,0.175,-0.157,-0.109,-0.156,-0.034,-0.005,0.204,-0.008,0.128,-0.044,-0.174,0.289,-0.452,-0.082,0.139,-0.004,1.000,-0.270,0.171,0.170,0.223,0.013,0.314,0.086,-0.131,0.050,-0.230,-0.142,-0.238,0.015,-0.149,-0.115,-0.063,-0.194,-0.020,0.028,-0.020
30,-0.055,0.105,-0.330,0.001,-0.042,-0.250,-0.030,-0.187,-0.303,0.376,0.049,0.177,0.095,-0.150,0.104,-0.054,-0.000,-0.052,0.064,-0.103,0.067,-0.167,0.024,0.055,-0.057,0.271,0.055,0.019,-0.103,-0.270,1.000,-0.142,-0.215,-0.213,0.081,-0.086,-0.170,0.172,0.093,0.214,0.207,0.090,0.036,0.346,0.109,0.061,0.101,-0.036,-0.077,-0.020
31,0.113,-0.190,0.011,0.097,0.016,-0.062,-0.111,-0.019,-0.078,-0.261,-0.007,0.175,0.157,-0.200,0.017,-0.063,-0.271,0.035,0.272,0.199,-0.025,0.317,0.001,-0.252,0.046,-0.154,-0.255,-0.154,-0.215,0.171,-0.142,1.000,0.430,0.441,-0.203,-0.009,0.233,-0.082,-0.131,-0.086,-0.013,-0.144,-0.050,-0.006,-0.187,-0.111,0.025,-0.049,-0.111,-0.030
32,0.159,-0.133,0.036,0.117,0.058,-0.070,-0.119,-0.065,-0.038,-0.263,0.024,0.207,0.116,-0.193,-0.074,-0.049,-0.262,0.076,0.104,0.235,0.025,0.409,0.051,-0.268,0.046,-0.211,-0.288,-0.162,-0.235,0.170,-0.215,0.430,1.000,0.479,-0.201,0.005,0.311,-0.112,-0.162,-0.063,-0.086,-0.092,-0.107,-0.085,-0.200,-0.116,0.000,-0.019,-0.105,-0.039
33,0.193,-0.229,0.081,0.139,0.084,-0.019,-0.074,-0.024,0.030,-0.301,0.038,0.140,0.159,-0.191,-0.004,-0.015,-0.255,0.105,0.213,0.266,-0.005,0.367,0.037,-0.270,0.014,-0.202,-0.269,-0.144,-0.174,0.223,-0.213,0.441,0.479,1.000,-0.213,-0.052,0.281,-0.162,-0.174,-0.156,-0.104,-0.143,-0.129,-0.076,-0.191,-0.140,0.009,-0.035,-0.096,-0.041
34,-0.360,0.270,0.163,-0.189,-0.213,0.298,0.023,0.199,0.058,0.004,-0.264,-0.357,-0.126,0.192,-0.131,-0.158,0.069,-0.158,-0.148,-0.214,0.065,-0.155,-0.063,0.378,-0.004,-0.017,0.414,0.013,0.167,0.013,0.081,-0.203,-0.201,-0.213,1.000,0.259,-0.279,0.135,0.443,0.224,0.125,0.054,0.212,0.011,0.233,0.061,-0.102,0.007,0.131,0.040
35,-0.206,0.155,0.345,-0.011,-0.125,0.119,-0.403,0.198,0.003,-0.283,-0.216,-0.265,-0.231,0.365,-0.341,-0.136,0.058,-0.191,-0.121,-0.065,-0.014,-0.095,-0.073,0.225,0.165,-0.205,0.011,0.216,-0.044,0.314,-0.086,-0.009,0.005,-0.052,0.259,1.000,-0.102,-0.038,0.244,0.074,0.070,-0.055,0.313,-0.055,-0.013,0.065,-0.059,0.020,0.102,0.018
36,0.208,-0.108,0.004,0.071,0.118,-0.149,-0.030,-0.054,0.014,-0.063,-0.047,0.296,-0.009,-0.153,-0.026,0.065,-0.115,0.059,-0.024,0.225,-0.047,0.352,0.022,-0.250,0.055,-0.081,-0.283,-0.035,-0.063,0.086,-0.170,0.233,0.311,0.281,-0.279,-0.102,1.000,-0.104,-0.224,-0.219,-0.101,-0.066,-0.183,-0.068,-0.134,-0.094,0.103,-0.052,-0.083,-0.062
37,-0.155,0.086,-0.123,-0.128,-0.082,-0.012,0.005,-0.064,-0.153,0.151,-0.099,0.054,-0.016,-0.015,0.041,-0.097,-0.065,-0.055,-0.005,-0.138,0.001,-0.070,-0.043,0.078,0.068,0.051,0.078,0.013,0.041,-0.131,0.172,-0.082,-0.112,-0.162,0.135,-0.038,-0.104,1.000,0.111,0.092,0.117,0.087,-0.020,0.080,0.192,-0.012,0.126,-0.008,0.005,0.004
38,-0.296,0.168,0.034,-0.104,-0.118,0.310,0.010,0.130,-0.197,0.130,-0.225,-0.267,-0.035,0.176,-0.023,-0.240,-0.116,-0.107,-0.034,-0.136,0.071,-0.156,-0.042,0.361,0.097,-0.094,0.306,0.038,0.202,0.050,0.093,-0.131,-0.162,-0.174,0.443,0.244,-0.224,0.111,1.000,0.072,0.140,-0.054,0.304,0.165,0.071,0.036,-0.096,0.025,0.053,0.054
39,-0.143,0.153,-0.217,-0.072,-0.210,-0.042,-0.028,-0.059,-0.051,0.177,0.112,0.069,-0.071,0.010,0.073,0.003,0.139,-0.113,0.046,-0.170,-0.008,-0.210,-0.038,0.208,-0.113,0.164,0.226,-0.008,-0.045,-0.230,0.214,-0.086,-0.063,-0.156,0.224,0.074,-0.219,0.092,0.072,1.000,0.327,0.114,0.094,0.250,0.062,0.077,0.011,0.019,0.088,0.044
40,-0.041,0.089,-0.191,0.020,-0.022,-0.080,-0.052,-0.089,-0.226,0.129,-0.107,0.038,0.032,-0.025,-0.043,-0.046,-0.014,-0.062,-0.020,-0.058,0.045,-0.046,0.003,0.122,0.008,0.019,0.097,-0.001,-0.116,-0.142,0.207,-0.013,-0.086,-0.104,0.125,0.070,-0.101,0.117,0.140,0.327,1.000,0.018,0.126,0.257,0.010,0.081,0.011,-0.020,0.028,0.045
41,0.013,0.110,-0.121,-0.039,-0.071,-0.079,-0.021,-0.070,-0.030,0.131,-0.035,0.087,-0.117,0.032,-0.013,0.134,0.183,0.030,-0.094,-0.170,0.044,-0.066,0.039,0.021,-0.048,0.095,0.086,-0.065,0.031,-0.238,0.090,-0.144,-0.092,-0.143,0.054,-0.055,-0.066,0.087,-0.054,0.114,0.018,1.000,-0.087,-0.003,0.171,0.075,0.079,0.046,0.050,-0.028
42,-0.295,0.104,0.120,-0.041,-0.221,0.229,-0.138,0.175,-0.010,-0.045,-0.176,-0.293,-0.131,0.239,-0.137,-0.242,0.062,-0.213,-0.078,-0.107,-0.023,-0.177,-0.151,0.303,0.082,0.103,0.103,0.033,-0.037,0.015,0.036,-0.050,-0.107,-0.129,0.212,0.313,-0.183,-0.020,0.304,0.094,0.126,-0.087,1.000,0.075,-0.053,0.065,-0.016,0.014,0.014,0.075
43,0.007,0.045,-0.331,0.092,0.063,-0.217,-0.010,-0.217,-0.355,0.236,0.068,0.172,0.203,-0.161,0.093,-0.089,-0.138,0.031,0.123,0.050,0.086,-0.102,0.072,0.055,-0.034,0.056,0.077,0.005,-0.138,-0.149,0.346,-0.006,-0.085,-0.076,0.011,-0.055,-0.068,0.080,0.165,0.250,0.257,-0.003,0.075,1.000,-0.053,0.015,0.099,-0.005,-0.031,0.046
44,-0.111,0.113,0.042,-0.130,-0.071,0.035,0.019,-0.008,0.041,0.074,-0.177,-0.126,-0.128,0.077,-0.055,0.062,0.099,-0.070,-0.117,-0.173,-0.012,-0.117,-0.049,0.094,0.071,0.119,0.181,-0.004,0.145,-0.115,0.109,-0.187,-0.200,-0.191,0.233,-0.013,-0.134,0.192,0.071,0.062,0.010,0.171,-0.053,-0.053,1.000,0.010,0.161,0.007,0.086,-0.020
45,-0.140,0.079,0.070,-0.138,-0.128,-0.011,-0.088,0.042,0.042,-0.013,-0.163,-0.159,-0.165,0.055,-0.138,-0.053,0.080,-0.151,-0.157,-0.159,-0.060,-0.126,-0.092,0.077,-0.056,-0.022,0.062,-0.026,-0.039,-0.063,0.061,-0.111,-0.116,-0.140,0.061,0.065,-0.094,-0.012,0.036,0.077,0.081,0.075,0.065,0.015,0.010,1.000,0.063,0.098,0.076,0.026
46,0.053,0.027,-0.130,0.012,-0.082,-0.268,-0.185,-0.168,-0.158,0.079,-0.016,0.263,-0.019,-0.105,-0.023,0.010,0.053,-0.015,-0.027,-0.059,0.031,0.024,0.010,-0.139,-0.010,0.127,-0.187,-0.108,-0.255,-0.194,0.101,0.025,0.000,0.009,-0.102,-0.059,0.103,0.126,-0.096,0.011,0.011,0.079,-0.016,0.099,0.161,0.063,1.000,-0.050,-0.056,-0.022
47,-0.025,0.020,-0.003,0.006,-0.000,0.056,-0.006,0.033,-0.012,-0.004,-0.036,-0.055,-0.019,0.024,-0.036,-0.030,-0.003,0.010,-0.021,-0.014,0.013,-0.027,0.004,0.034,-0.010,-0.040,0.032,-0.030,0.007,-0.020,-0.036,-0.049,-0.019,-0.035,0.007,0.020,-0.052,-0.008,0.025,0.019,-0.020,0.046,0.014,-0.005,0.007,0.098,-0.050,1.000,0.027,0.001
48,-0.092,0.102,0.167,-0.097,-0.029,0.047,-0.023,0.107,0.167,-0.086,-0.102,-0.186,-0.118,0.091,-0.126,0.032,0.117,-0.058,-0.112,-0.084,-0.031,-0.089,-0.020,0.151,-0.050,-0.051,0.145,0.054,0.043,0.028,-0.077,-0.111,-0.105,-0.096,0.131,0.102,-0.083,0.005,0.053,0.088,0.028,0.050,0.014,-0.031,0.086,0.076,-0.056,0.027,1.000,0.030
49,-0.065,0.020,-0.029,-0.008,-0.052,0.024,-0.012,0.010,-0.041,0.001,-0.036,-0.042,-0.014,0.014,-0.022,-0.066,-0.023,-0.034,-0.014,-0.034,-0.001,-0.040,-0.021,0.062,-0.009,-0.020,0.018,-0.001,-0.014,-0.020,-0.020,-0.030,-0.039,-0.041,0.040,0.018,-0.062,0.004,0.054,0.044,0.045,-0.028,0.075,0.046,-0.020,0.026,-0.022,0.001,0.030,1.000
