,0,1,2,3,4,5,6,7,8,9,10,11,12,13,14,15,16,17,18,19,20,21,22,23,24,25,26,27,28,29,30,31,32,33,34,35,36,37,38,39,40,41,42,43,44,45,46,47,48,49
0,1.000,-0.255,-0.116,0.219,0.325,-0.123,0.017,-0.083,0.081,-0.100,0.240,0.251,0.158,-0.045,0.008,0.496,0.050,0.282,-0.015,0.185,0.058,0.141,0.210,-0.164,-0.017,0.014,-0.080,-0.010,-0.075,0.047,-0.075,0.079,0.119,0.143,-0.199,-0.056,0.195,-0.109,-0.127,-0.105,-0.046,-0.044,-0.134,0.002,-0.089,-0.085,0.032,-0.040,-0.046,-0.041
1,-0.255,1.000,0.099,-0.002,0.048,0.070,0.007,0.087,0.043,0.102,-0.141,-0.092,-0.117,0.043,-0.034,0.013,0.157,-0.046,-0.025,-0.081,0.141,-0.054,0.107,0.085,-0.025,0.063,0.060,0.011,0.081,-0.009,0.096,-0.051,-0.000,-0.108,0.158,0.100,-0.061,0.016,0.064,0.101,0.023,0.050,0.041,0.031,0.078,0.021,-0.012,0.026,0.034,-0.017
2,-0.116,0.099,1.000,-0.067,0.035,0.110,-0.150,0.145,0.265,-0.131,-0.164,-0.244,-0.110,0.147,-0.106,-0.027,0.052,-0.079,-0.068,0.011,-0.016,0.026,-0.040,-0.042,0.076,-0.077,-0.010,0.043,0.139,0.225,-0.033,-0.014,-0.030,0.022,0.059,0.066,0.061,-0.060,0.010,-0.147,-0.128,-0.071,0.009,-0.109,0.006,-0.005,-0.040,-0.030,0.043,-0.043
3,0.219,-0.002,-0.067,1.000,0.282,0.014,-0.014,0.067,-0.073,-0.025,0.129,0.087,0.108,0.004,-0.023,0.190,0.050,0.130,0.068,0.191,0.161,0.052,0.171,-0.024,-0.003,0.064,-0.049,0.055,-0.025,0.088,-0.009,0.083,0.102,0.063,-0.011,0.057,0.033,-0.062,-0.004,-0.008,-0.016,-0.032,0.029,0.064,-0.041,-0.100,-0.048,0.003,-0.044,-0.006
4,0.325,0.048,0.035,0.282,1.000,-0.074,0.009,-0.022,0.019,-0.063,0.170,0.068,0.064,-0.071,0.008,0.296,0.026,0.122,0.036,0.219,0.042,0.034,0.188,-0.113,-0.057,-0.020,-0.053,-0.005,-0.035,0.132,-0.033,0.086,0.099,0.097,-0.126,0.018,0.146,-0.071,-0.062,-0.055,-0.009,-0.093,-0.083,0.056,-0.056,-0.073,-0.097,-0.033,-0.019,-0.041
5,-0.123,0.070,0.110,0.014,-0.074,1.000,0.147,0.147,0.093,-0.044,-0.025,-0.153,-0.047,0.172,0.104,-0.054,0.010,0.011,0.056,-0.006,0.028,-0.015,0.017,0.155,0.153,0.021,0.115,-0.020,0.225,0.105,-0.068,0.012,0.002,0.031,0.078,0.126,-0.076,0.001,0.106,0.010,-0.002,-0.042,0.143,-0.040,-0.009,-0.036,-0.153,0.031,0.004,0.007
6,0.017,0.007,-0.150,-0.014,0.009,0.147,1.000,0.087,0.077,0.124,0.130,0.077,0.232,0.035,0.216,0.087,0.088,0.153,0.132,0.076,0.086,0.005,0.098,0.115,-0.006,0.181,0.132,0.111,0.218,-0.100,-0.059,-0.017,-0.018,0.012,0.026,-0.115,0.045,-0.024,0.033,0.028,0.018,-0.029,0.048,-0.014,-0.016,-0.046,-0.028,-0.019,-0.011,-0.015
7,-0.083,0.087,0.145,0.067,-0.022,0.147,0.087,1.000,0.068,0.013,-0.003,-0.136,-0.042,0.148,-0.120,-0.069,0.091,-0.001,0.081,0.030,0.033,0.017,0.001,0.174,-0.059,0.042,0.043,0.156,0.096,0.064,-0.002,0.044,0.002,0.032,0.103,0.104,-0.009,-0.028,0.093,-0.037,-0.055,-0.031,0.149,-0.027,-0.029,-0.030,-0.075,0.009,0.023,-0.010
8,0.081,0.043,0.265,-0.073,0.019,0.093,0.077,0.068,1.000,-0.157,0.006,-0.131,-0.079,-0.020,0.008,0.194,0.231,0.033,-0.073,0.066,-0.039,0.013,0.036,0.028,-0.120,0.050,0.083,-0.014,0.055,0.034,-0.089,-0.037,-0.007,0.018,-0.005,-0.021,0.064,-0.081,-0.079,-0.016,-0.091,-0.026,-0.016,-0.108,0.002,-0.009,-0.065,-0.015,0.055,-0.036
9,-0.100,0.102,-0.131,-0.025,-0.063,-0.044,0.124,0.013,-0.157,1.000,0.030,0.050,-0.059,-0.053,0.142,-0.043,0.095,-0.068,-0.000,-0.106,0.015,-0.054,-0.026,0.038,-0.081,0.190,0.071,0.026,0.156,-0.177,0.174,-0.063,-0.043,-0.104,0.061,-0.117,0.005,0.042,0.047,0.081,0.040,0.052,-0.033,0.054,0.046,0.021,0.006,-0.029,-0.031,-0.033
10,0.240,-0.141,-0.164,0.129,0.170,-0.025,0.130,-0.003,0.006,0.030,1.000,0.167,0.236,-0.070,0.201,0.069,-0.027,0.188,0.231,0.200,0.051,0.028,0.089,-0.065,-0.078,0.083,-0.023,0.128,-0.043,0.075,-0.004,0.088,0.102,0.110,-0.125,-0.023,0.041,-0.067,-0.088,0.011,-0.076,-0.052,0.000,0.029,-0.112,-0.106,-0.065,-0.031,-0.054,-0.031
11,0.251,-0.092,-0.244,0.087,0.068,-0.153,0.077,-0.136,-0.131,0.050,0.167,1.000,0.149,-0.019,0.175,0.099,-0.029,0.126,0.196,0.085,0.031,0.258,0.062,-0.172,0.128,0.181,-0.211,0.061,0.004,-0.079,0.006,0.171,0.209,0.139,-0.160,-0.044,0.300,0.027,-0.111,-0.022,-0.042,0.014,-0.057,-0.001,-0.092,-0.096,0.132,-0.045,-0.085,-0.031
12,0.158,-0.117,-0.110,0.108,0.064,-0.047,0.232,-0.042,-0.079,-0.059,0.236,0.149,1.000,0.048,0.186,0.054,-0.066,0.267,0.200,0.303,0.188,0.031,0.196,0.016,0.013,0.029,0.007,0.074,-0.024,0.056,0.017,0.066,0.041,0.100,0.029,-0.057,0.051,-0.026,0.066,-0.020,0.023,-0.082,0.059,0.050,-0.070,-0.074,0.050,-0.025,-0.049,-0.017
13,-0.045,0.043,0.147,0.004,-0.071,0.172,0.035,0.148,-0.020,-0.053,-0.070,-0.019,0.048,1.000,-0.075,0.001,0.116,0.061,0.009,0.022,0.026,0.002,0.062,0.190,0.302,0.133,0.053,0.200,0.220,0.061,-0.095,-0.074,-0.054,-0.041,0.078,0.120,0.011,-0.032,0.093,0.070,0.030,0.014,0.139,-0.035,-0.003,0.016,0.043,0.005,0.032,0.005
14,0.008,-0.034,-0.106,-0.023,0.008,0.104,0.216,-0.120,0.008,0.142,0.201,0.175,0.186,-0.075,1.000,0.015,-0.060,0.076,0.193,0.102,0.013,0.056,0.027,-0.053,0.051,0.124,-0.008,-0.024,0.131,0.068,0.032,0.078,0.018,0.072,-0.043,-0.101,0.060,0.012,0.021,-0.024,-0.053,-0.033,0.007,0.008,-0.039,-0.071,-0.020,-0.034,-0.054,-0.029
15,0.496,0.013,-0.027,0.190,0.296,-0.054,0.087,-0.069,0.194,-0.043,0.069,0.099,0.054,0.001,0.015,1.000,0.184,0.263,-0.034,0.045,0.091,0.056,0.245,-0.059,0.006,0.050,0.031,-0.032,0.043,-0.092,-0.047,-0.008,-0.002,0.011,-0.061,-0.022,0.072,-0.082,-0.123,0.064,-0.027,0.042,-0.131,-0.049,0.012,-0.050,0.031,-0.033,0.005,-0.048
16,0.050,0.157,0.052,0.050,0.026,0.010,0.088,0.091,0.231,0.095,-0.027,-0.029,-0.066,0.116,-0.060,0.184,1.000,-0.030,-0.099,-0.042,0.018,-0.066,0.035,0.053,-0.101,0.169,0.063,-0.020,0.031,-0.104,0.037,-0.092,-0.067,-0.100,0.045,0.024,-0.029,-0.056,-0.091,0.085,0.019,0.103,-0.013,-0.038,0.042,0.007,0.045,-0.002,0.030,-0.035
17,0.282,-0.046,-0.079,0.130,0.122,0.011,0.153,-0.001,0.033,-0.068,0.188,0.126,0.267,0.061,0.076,0.263,-0.030,1.000,0.077,0.160,0.293,0.068,0.456,0.010,0.056,0.008,0.009,0.074,0.034,0.035,-0.112,0.012,0.019,0.105,-0.096,-0.043,0.062,-0.050,-0.006,-0.100,-0.043,0.002,-0.005,-0.004,-0.066,-0.056,0.058,-0.007,-0.018,-0.017
18,-0.015,-0.025,-0.068,0.068,0.036,0.056,0.132,0.081,-0.073,-0.000,0.231,0.196,0.200,0.009,0.193,-0.034,-0.099,0.077,1.000,0.110,0.007,0.067,0.035,0.005,0.053,0.069,-0.056,0.144,0.060,0.067,0.008,0.197,0.107,0.165,-0.063,0.033,0.055,0.001,0.046,0.003,-0.019,-0.077,0.087,0.053,-0.067,-0.094,-0.069,-0.004,-0.043,-0.011
19,0.185,-0.081,0.011,0.191,0.219,-0.006,0.076,0.030,0.066,-0.106,0.200,0.085,0.303,0.022,0.102,0.045,-0.042,0.160,0.110,1.000,0.069,0.057,0.128,-0.057,0.006,-0.045,-0.056,0.134,-0.054,0.219,-0.057,0.112,0.142,0.150,-0.061,0.046,0.189,-0.071,-0.008,-0.061,-0.020,-0.115,0.045,0.028,-0.092,-0.100,-0.068,-0.013,-0.042,-0.026
20,0.058,0.141,-0.016,0.161,0.042,0.028,0.086,0.033,-0.039,0.015,0.051,0.031,0.188,0.026,0.013,0.091,0.018,0.293,0.007,0.069,1.000,0.029,0.210,-0.007,0.013,0.002,0.045,0.047,0.009,0.035,0.006,-0.002,0.001,0.005,0.071,0.022,-0.025,-0.026,0.067,-0.033,0.004,0.015,0.073,0.005,-0.009,-0.014,0.053,-0.004,-0.020,-0.011
21,0.141,-0.054,0.026,0.052,0.034,-0.015,0.005,0.017,0.013,-0.054,0.028,0.258,0.031,0.002,0.056,0.056,-0.066,0.068,0.067,0.057,0.029,1.000,0.035,-0.125,0.082,-0.010,-0.116,-0.006,0.007,0.080,-0.028,0.134,0.164,0.149,-0.055,-0.038,0.266,-0.013,-0.050,-0.113,-0.067,-0.052,-0.071,-0.032,-0.061,-0.061,0.033,-0.044,-0.046,-0.028
22,0.210,0.107,-0.040,0.171,0.188,0.017,0.098,0.001,0.036,-0.026,0.089,0.062,0.196,0.062,0.027,0.245,0.035,0.456,0.035,0.128,0.210,0.035,1.000,0.066,0.009,0.010,0.019,0.028,0.032,0.024,-0.038,0.004,0.026,0.071,-0.030,0.031,0.042,-0.056,0.004,-0.010,-0.007,0.013,-0.048,0.036,-0.047,-0.041,0.018,-0.013,0.001,-0.021
23,-0.164,0.085,-0.042,-0.024,-0.113,0.155,0.115,0.174,0.028,0.038,-0.065,-0.172,0.016,0.190,-0.053,-0.059,0.053,0.010,0.005,-0.057,-0.007,-0.125,0.066,1.000,0.004,0.076,0.206,0.111,0.101,-0.059,0.005,-0.101,-0.090,-0.082,0.200,0.169,-0.156,0.044,0.249,0.196,0.135,0.025,0.198,0.124,0.042,0.023,-0.054,0.026,0.096,0.035
24,-0.017,-0.025,0.076,-0.003,-0.057,0.153,-0.006,-0.059,-0.120,-0.081,-0.078,0.128,0.013,0.302,0.051,0.006,-0.101,0.056,0.053,0.006,0.013,0.082,0.009,0.004,1.000,0.106,-0.106,0.202,0.202,0.106,-0.131,0.063,0.033,0.028,-0.038,0.046,0.085,0.053,0.034,-0.029,0.015,-0.046,0.109,-0.040,0.028,-0.061,0.017,0.002,-0.026,-0.004
25,0.014,0.063,-0.077,0.064,-0.020,0.021,0.181,0.042,0.050,0.190,0.083,0.181,0.029,0.133,0.124,0.050,0.169,0.008,0.069,-0.045,0.002,-0.010,0.010,0.076,0.106,1.000,0.010,0.047,0.105,-0.179,0.073,-0.011,-0.027,-0.032,0.020,-0.059,0.010,0.001,-0.021,0.029,-0.023,0.019,0.062,0.014,0.055,-0.057,0.099,-0.024,-0.025,-0.029
26,-0.080,0.060,-0.010,-0.049,-0.053,0.115,0.132,0.043,0.083,0.071,-0.023,-0.211,0.007,0.053,-0.008,0.031,0.063,0.009,-0.056,-0.056,0.045,-0.116,0.019,0.206,-0.106,0.010,1.000,-0.014,0.087,-0.049,0.026,-0.072,-0.133,-0.156,0.247,0.049,-0.163,0.019,0.195,0.175,0.112,0.054,0.014,0.125,0.080,0.055,-0.062,0.016,0.101,0.002
27,-0.010,0.011,0.043,0.055,-0.005,-0.020,0.111,0.156,-0.014,0.026,0.128,0.061,0.074,0.200,-0.024,-0.032,-0.020,0.074,0.144,0.134,0.047,-0.006,0.028,0.111,0.202,0.047,-0.014,1.000,0.157,0.129,-0.038,0.013,0.024,0.011,0.015,0.161,0.070,-0.003,0.067,-0.010,0.024,-0.077,0.133,-0.005,-0.027,-0.033,-0.062,-0.028,0.014,-0.006
28,-0.075,0.081,0.139,-0.025,-0.035,0.225,0.218,0.096,0.055,0.156,-0.043,0.004,-0.024,0.220,0.131,0.043,0.031,0.034,0.060,-0.054,0.009,0.007,0.032,0.101,0.202,0.105,0.087,0.157,1.000,0.014,-0.012,-0.043,-0.077,-0.025,0.063,0.002,0.041,0.008,0.084,-0.031,-0.093,0.002,0.045,-0.078,0.051,-0.031,-0.148,-0.014,-0.001,-0.020
29,0.047,-0.009,0.225,0.088,0.132,0.105,-0.100,0.064,0.034,-0.177,0.075,-0.079,0.056,0.061,0.068,-0.092,-0.104,0.035,0.067,0.219,0.035,0.080,0.024,-0.059,0.106,-0.179,-0.049,0.129,0.014,1.000,-0.013,0.100,0.111,0.158,-0.014,0.126,0.112,-0.051,0.068,-0.151,-0.085,-0.146,0.028,0.000,-0.072,-0.064,-0.119,-0.036,-0.007,-0.022
30,-0.075,0.096,-0.033,-0.009,-0.033,-0.068,-0.059,-0.002,-0.089,0.174,-0.004,0.006,0.017,-0.095,0.032,-0.047,0.037,-0.112,0.008,-0.057,0.006,-0.028,-0.038,0.005,-0.131,0.073,0.026,-0.038,-0.012,-0.013,1.000,-0.074,-0.106,-0.047,0.090,0.009,-0.079,0.077,0.052,0.045,0.004,0.037,-0.018,0.099,0.075,0.044,-0.010,-0.028,-0.053,-0.052
31,0.079,-0.051,-0.014,0.083,0.086,0.012,-0.017,0.044,-0.037,-0.063,0.088,0.171,0.066,-0.074,0.078,-0.008,-0.092,0.012,0.197,0.112,-0.002,0.134,0.004,-0.101,0.063,-0.011,-0.072,0.013,-0.043,0.100,-0.074,1.000,0.203,0.066,-0.092,0.050,0.172,0.004,-0.057,0.027,0.047,-0.078,0.023,0.014,-0.086,-0.059,-0.063,-0.054,-0.050,-0.022
32,0.119,-0.000,-0.030,0.102,0.099,0.002,-0.018,0.002,-0.007,-0.043,0.102,0.209,0.041,-0.054,0.018,-0.002,-0.067,0.019,0.107,0.142,0.001,0.164,0.026,-0.090,0.033,-0.027,-0.133,0.024,-0.077,0.111,-0.106,0.203,1.000,0.217,-0.096,0.057,0.209,-0.022,-0.082,0.059,-0.012,-0.030,-0.019,-0.059,-0.084,-0.059,-0.118,-0.020,-0.049,-0.030
33,0.143,-0.108,0.022,0.063,0.097,0.031,0.012,0.032,0.018,-0.104,0.110,0.139,0.100,-0.041,0.072,0.011,-0.100,0.105,0.165,0.150,0.005,0.149,0.071,-0.082,0.028,-0.032,-0.156,0.011,-0.025,0.158,-0.047,0.066,0.217,1.000,-0.097,-0.003,0.197,-0.061,-0.071,-0.040,-0.011,-0.078,-0.053,0.010,-0.090,-0.066,-0.028,-0.055,-0.047,-0.030
34,-0.199,0.158,0.059,-0.011,-0.126,0.078,0.026,0.103,-0.005,0.061,-0.125,-0.160,0.029,0.078,-0.043,-0.061,0.045,-0.096,-0.063,-0.061,0.071,-0.055,-0.030,0.200,-0.038,0.020,0.247,0.015,0.063,-0.014,0.090,-0.092,-0.096,-0.097,1.000,0.058,-0.169,0.073,0.257,0.200,0.091,0.045,0.049,0.040,0.144,0.019,-0.010,0.005,0.073,0.013
35,-0.056,0.100,0.066,0.057,0.018,0.126,-0.115,0.104,-0.021,-0.117,-0.023,-0.044,-0.057,0.120,-0.101,-0.022,0.024,-0.043,0.033,0.046,0.022,-0.038,0.031,0.169,0.046,-0.059,0.049,0.161,0.002,0.126,0.009,0.050,0.057,-0.003,0.058,1.000,-0.004,-0.017,0.091,0.050,0.066,-0.030,0.163,0.017,-0.026,-0.017,-0.107,0.037,0.035,-0.009
36,0.195,-0.061,0.061,0.033,0.146,-0.076,0.045,-0.009,0.064,0.005,0.041,0.300,0.051,0.011,0.060,0.072,-0.029,0.062,0.055,0.189,-0.025,0.266,0.042,-0.156,0.085,0.010,-0.163,0.070,0.041,0.112,-0.079,0.172,0.209,0.197,-0.169,-0.004,1.000,-0.073,-0.091,-0.128,-0.090,-0.081,-0.053,-0.059,-0.106,-0.084,0.055,-0.063,-0.061,-0.051
37,-0.109,0.016,-0.060,-0.062,-0.071,0.001,-0.024,-0.028,-0.081,0.042,-0.067,0.027,-0.026,-0.032,0.012,-0.082,-0.056,-0.050,0.001,-0.071,-0.026,-0.013,-0.056,0.044,0.053,0.001,0.019,-0.003,0.008,-0.051,0.077,0.004,-0.022,-0.061,0.073,-0.017,-0.073,1.000,0.033,0.060,0.047,0.037,-0.012,0.012,0.086,-0.021,0.107,0.001,0.002,-0.000
38,-0.127,0.064,0.010,-0.004,-0.062,0.106,0.033,0.093,-0.079,0.047,-0.088,-0.111,0.066,0.093,0.021,-0.123,-0.091,-0.006,0.046,-0.008,0.067,-0.050,0.004,0.249,0.034,-0.021,0.195,0.067,0.084,0.068,0.052,-0.057,-0.082,-0.071,0.257,0.091,-0.091,0.033,1.000,0.084,0.072,-0.023,0.198,0.149,0.024,0.022,0.001,0.009,0.052,0.027
39,-0.105,0.101,-0.147,-0.008,-0.055,0.010,0.028,-0.037,-0.016,0.081,0.011,-0.022,-0.020,0.070,-0.024,0.064,0.085,-0.100,0.003,-0.061,-0.033,-0.113,-0.010,0.196,-0.029,0.029,0.175,-0.010,-0.031,-0.151,0.045,0.027,0.059,-0.040,0.200,0.050,-0.128,0.060,0.084,1.000,0.288,0.034,0.049,0.215,0.053,0.049,-0.102,0.046,0.083,0.025
40,-0.046,0.023,-0.128,-0.016,-0.009,-0.002,0.018,-0.055,-0.091,0.040,-0.076,-0.042,0.023,0.030,-0.053,-0.027,0.019,-0.043,-0.019,-0.020,0.004,-0.067,-0.007,0.135,0.015,-0.023,0.112,0.024,-0.093,-0.085,0.004,0.047,-0.012,-0.011,0.091,0.066,-0.090,0.047,0.072,0.288,1.000,0.017,0.096,0.103,0.010,0.037,-0.007,-0.009,0.039,0.021
41,-0.044,0.050,-0.071,-0.032,-0.093,-0.042,-0.029,-0.031,-0.026,0.052,-0.052,0.014,-0.082,0.014,-0.033,0.042,0.103,0.002,-0.077,-0.115,0.015,-0.052,0.013,0.025,-0.046,0.019,0.054,-0.077,0.002,-0.146,0.037,-0.078,-0.030,-0.078,0.045,-0.030,-0.081,0.037,-0.023,0.034,0.017,1.000,-0.045,-0.019,0.090,0.067,0.012,0.022,0.032,-0.032
42,-0.134,0.041,0.009,0.029,-0.083,0.143,0.048,0.149,-0.016,-0.033,0.000,-0.057,0.059,0.139,0.007,-0.131,-0.013,-0.005,0.087,0.045,0.073,-0.071,-0.048,0.198,0.109,0.062,0.014,0.133,0.045,0.028,-0.018,0.023,-0.019,-0.053,0.049,0.163,-0.053,-0.012,0.198,0.049,0.096,-0.045,1.000,0.064,-0.050,-0.029,0.004,0.023,-0.005,0.042
43,0.002,0.031,-0.109,0.064,0.056,-0.040,-0.014,-0.027,-0.108,0.054,0.029,-0.001,0.050,-0.035,0.008,-0.049,-0.038,-0.004,0.053,0.028,0.005,-0.032,0.036,0.124,-0.040,0.014,0.125,-0.005,-0.078,0.000,0.099,0.014,-0.059,0.010,0.040,0.017,-0.059,0.012,0.149,0.215,0.103,-0.019,0.064,1.000,-0.025,0.010,0.040,-0.005,0.026,0.025
44,-0.089,0.078,0.006,-0.041,-0.056,-0.009,-0.016,-0.029,0.002,0.046,-0.112,-0.092,-0.070,-0.003,-0.039,0.012,0.042,-0.066,-0.067,-0.092,-0.009,-0.061,-0.047,0.042,0.028,0.055,0.080,-0.027,0.051,-0.072,0.075,-0.086,-0.084,-0.090,0.144,-0.026,-0.106,0.086,0.024,0.053,0.010,0.090,-0.050,-0.025,1.000,-0.012,0.167,0.006,0.042,-0.014
45,-0.085,0.021,-0.005,-0.100,-0.073,-0.036,-0.046,-0.030,-0.009,0.021,-0.106,-0.096,-0.074,0.016,-0.071,-0.050,0.007,-0.056,-0.094,-0.100,-0.014,-0.061,-0.041,0.023,-0.061,-0.057,0.055,-0.033,-0.031,-0.064,0.044,-0.059,-0.059,-0.066,0.019,-0.017,-0.084,-0.021,0.022,0.049,0.037,0.067,-0.029,0.010,-0.012,1.000,0.063,0.102,0.049,0.012
46,0.032,-0.012,-0.040,-0.048,-0.097,-0.153,-0.028,-0.075,-0.065,0.006,-0.065,0.132,0.050,0.043,-0.020,0.031,0.045,0.058,-0.069,-0.068,0.053,0.033,0.018,-0.054,0.017,0.099,-0.062,-0.062,-0.148,-0.119,-0.010,-0.063,-0.118,-0.028,-0.010,-0.107,0.055,0.107,0.001,-0.102,-0.007,0.012,0.004,0.040,0.167,0.063,1.000,-0.044,-0.028,-0.026
47,-0.040,0.026,-0.030,0.003,-0.033,0.031,-0.019,0.009,-0.015,-0.029,-0.031,-0.045,-0.025,0.005,-0.034,-0.033,-0.002,-0.007,-0.004,-0.013,-0.004,-0.044,-0.013,0.026,0.002,-0.024,0.016,-0.028,-0.014,-0.036,-0.028,-0.054,-0.020,-0.055,0.005,0.037,-0.063,0.001,0.009,0.046,-0.009,0.022,0.023,-0.005,0.006,0.102,-0.044,1.000,0.029,-0.001
48,-0.046,0.034,0.043,-0.044,-0.019,0.004,-0.011,0.023,0.055,-0.031,-0.054,-0.085,-0.049,0.032,-0.054,0.005,0.030,-0.018,-0.043,-0.042,-0.020,-0.046,0.001,0.096,-0.026,-0.025,0.101,0.014,-0.001,-0.007,-0.053,-0.050,-0.049,-0.047,0.073,0.035,-0.061,0.002,0.052,0.083,0.039,0.032,-0.005,0.026,0.042,0.049,-0.028,0.029,1.000,0.032
49,-0.041,-0.017,-0.043,-0.006,-0.041,0.007,-0.015,-0.010,-0.036,-0.033,-0.031,-0.031,-0.017,0.005,-0.029,-0.048,-0.035,-0.017,-0.011,-0.026,-0.011,-0.028,-0.021,0.035,-0.004,-0.029,0.002,-0.006,-0.020,-0.022,-0.052,-0.022,-0.030,-0.030,0.013,-0.009,-0.051,-0.000,0.027,0.025,0.021,-0.032,0.042,0.025,-0.014,0.012,-0.026,-0.001,0.032,1.000
